Sujeto 18
1,[(19;1281;1)(36;3125;1)(32;4110;1)(13;4703;1)(50;5547;1)(50;6906;0)(90;8313;1)(82;8781;1)(63;9547;1)(65;10297;1)(115;11250;1)(96;11610;1)(118;12281;1)(89;12813;1)(58;13172;1)],51,14,1,0,19,19,48.872180,19,3
2,[(29;3469;1)(23;4406;1)(0;5125;1)(80;7235;1)(51;7922;-1)(52;8500;1)(64;9125;1)(57;9828;1)(69;10516;1)(96;11313;1)(84;11828;1)(117;12688;1)(113;13766;1)],53,12,0,1,15,17,52.380952,29,3
3,[(14;1781;1)(11;2391;1)(39;4062;1)(33;4969;1)(40;5547;1)(64;6125;1)(66;6625;1)(47;7172;1)(79;8016;1)(97;8703;1)(93;9281;1)(110;9797;1)(116;10844;1)],58,13,0,0,13,19,71.428571,14,5
4,[(6;1141;1)(39;2094;1)(119;2937;1)(113;3875;1)(62;4766;1)(50;5453;1)(2;6359;1)(27;7000;1)(35;7531;1)(55;8094;1)(67;8484;1)(96;9594;1)(90;10234;1)(23;12500;1)],71,14,0,0,13,19,76.923077,6,3
5,[(19;2015;1)(36;3312;1)(13;4640;1)(32;5703;1)(50;6375;1)(90;6922;1)(93;7281;-1)(82;8156;1)(63;8703;1)(65;9390;1)(58;9922;1)(96;10875;1)(115;11625;1)(118;12281;1)(89;14187;1)],49,14,0,1,16,18,58.035714,19,3
6,[(6;1562;1)(0;2328;1)(23;3250;1)(63;5312;-1)(52;5781;1)(64;6406;1)(84;7515;1)(80;8218;1)(92;8906;1)(113;9375;1)(96;10296;1)(107;10828;-1)(117;11203;1)(57;12765;1)],44,12,0,2,14,19,51.020408,6,3
7,[(39;2015;1)(79;2781;1)(97;3797;1)(116;4172;1)(110;5015;1)(71;6062;1)(64;6828;1)(66;7125;1)(47;7703;1)(33;8562;1)(11;9281;1)(14;9594;1)(93;11656;1)],52,13,0,0,13,18,71.428571,39,4
8,[(6;1500;1)(2;2125;1)(23;2578;1)(27;3078;1)(35;3500;1)(39;4078;1)(67;4609;1)(56;5047;0)(55;5531;1)(119;6406;1)(96;7437;1)(113;7937;1)(62;8640;1)(90;9109;1)(40;9500;-1)(50;9859;1)],61,14,1,1,11,19,77.922078,6,4
9,[(19;1422;1)(13;2391;1)(32;3016;1)(36;3641;1)(58;4422;1)(50;5672;1)(90;6328;1)(82;6734;1)(63;7719;1)(89;8641;1)(118;9312;1)(115;9797;1)(97;10281;-1)(96;10750;1)(65;11312;1)],57,14,0,1,14,19,66.326531,19,4
10,[(6;1469;1)(0;2062;1)(23;2906;1)(29;3812;1)(69;4625;1)(57;5094;1)(52;5797;1)(84;6344;1)(92;6828;1)(80;7344;1)(114;7953;-1)(113;8500;1)(96;9094;1)(117;9703;1)(74;10515;-1)(64;11172;1)],62,14,0,2,13,19,65.934066,6,3
11,[(39;1563;1)(14;2219;1)(11;2625;1)(33;3125;1)(40;3578;1)(64;4360;1)(71;5094;1)(110;6641;1)(93;7328;1)(116;8813;1)(97;9610;1)(66;10297;1)(47;10938;1)(79;11969;1)],58,14,0,0,13,19,76.923077,39,1
12,[(6;1656;1)(2;2297;1)(23;3734;1)(27;4531;1)(34;4875;-1)(35;5250;1)(39;6109;1)(55;6625;1)(50;7578;1)(62;8000;1)(93;8609;0)(90;9328;1)(93;9812;0)(96;11406;1)(113;12062;1)(119;13328;1)(67;13969;1)],61,14,2,1,15,19,52.380952,6,6
13,[(13;1344;1)(19;2609;1)(36;3453;1)(32;4031;1)(50;4484;1)(58;5390;1)(65;6062;1)(63;6469;1)(82;7000;1)(90;7469;1)(115;8140;1)(96;9140;1)(118;9750;1)(89;10187;1)],57,14,0,0,10,19,100.000000,13,4
14,[(6;1500;1)(0;2141;1)(23;3578;1)(28;4312;-1)(57;4859;1)(29;5359;1)(69;5937;1)(96;6531;1)(84;7031;1)(52;7656;1)(80;8266;1)(92;9062;1)(64;11625;1)],54,12,0,1,13,19,60.439560,6,2
15,[(14;1140;1)(11;1750;1)(33;2140;1)(40;2609;1)(71;3062;1)(111;3922;-1)(110;4437;1)(93;5031;1)(116;5750;1)(97;6297;1)(79;7172;1)(66;7719;1)(64;8297;1)(47;9094;1)],48,13,0,1,11,19,77.922078,14,2
16,[(6;1281;1)(2;1844;1)(23;2641;1)(19;3516;0)(19;4250;0)(39;5219;1)(45;6000;0)(55;6766;1)(62;8422;1)(50;8984;1)(90;9859;1)(113;10500;1)(96;12297;1)(119;12969;1)(67;13938;1)],53,12,3,0,16,19,40.178571,6,2
52

Sujeto 23
1,[(19;2203;1)(36;3282;1)(58;3782;1)(89;4532;1)(118;5125;1)(115;5813;1)(96;6297;1)(65;6985;1)(63;7407;1)(82;7797;1)(90;8313;1)(50;8844;1)(32;9422;1)(13;9953;1)],46,14,0,0,13,18,76.923077,19,3
2,[(29;2250;1)(69;2922;1)(57;3375;1)(96;4859;1)(64;5390;1)(84;5906;1)(117;6500;1)(92;7219;1)(113;7875;1)(80;8703;1)(52;9531;1)(23;10125;1)(30;10734;0)(0;11281;1)(6;13140;1)],61,14,1,0,16,18,58.035714,29,3
3,[(11;2641;1)(33;3422;1)(40;4094;1)(64;4594;1)(71;5375;1)(110;6656;1)(93;7219;1)(116;7922;1)(97;8406;1)(79;9219;1)(66;9937;1)(47;10797;1)(39;11516;1)(14;12281;1)],57,14,0,0,14,18,71.428571,11,0
4,[(119;1891;1)(113;2656;1)(96;3219;1)(90;3875;1)(62;4484;1)(50;4969;1)(23;5828;1)(2;6531;1)(67;7391;1)(35;8219;1)(39;9656;1)(6;10422;1)(27;11672;1)(55;13484;1)],68,14,0,0,15,19,66.666667,119,3
5,[(13;2422;1)(19;3562;1)(36;4437;1)(32;4937;1)(58;5906;1)(65;6625;1)(63;7140;1)(50;7890;1)(90;9265;1)(82;9828;1)(115;11156;1)(118;11734;1)(96;12281;1)(88;12984;-1)(89;13734;1)],57,14,0,1,16,18,58.035714,13,5
6,[(0;2015;1)(6;2687;1)(29;3328;1)(23;4219;1)(52;4828;1)(64;5203;1)(57;5625;1)(69;6094;1)(96;6719;1)(117;7234;1)(84;7922;1)(113;8437;1)(92;8875;1)(80;9297;1)],56,14,0,0,12,18,83.333333,0,2
7,[(11;1859;1)(33;2297;1)(40;2672;1)(63;3093;-1)(66;3531;1)(64;3953;1)(47;4531;1)(39;5140;1)(14;5734;1)(71;6312;1)(116;7015;1)(97;7547;1)(79;7953;1)(93;8640;1)(110;9078;1)],71,14,0,1,10,19,92.857143,11,1
8,[(2;1437;1)(6;1937;1)(27;2422;1)(39;3000;1)(55;3828;1)(35;4172;1)(67;4781;1)(23;5312;1)(50;5937;1)(62;6312;1)(96;7125;1)(119;7641;1)(113;8406;1)(90;8953;1)],63,14,0,0,10,19,100.000000,2,3
9,[(19;2422;1)(36;3156;1)(13;3719;1)(32;4141;1)(58;4875;1)(89;5328;1)(118;6000;1)(115;6969;1)(96;7641;1)(65;8156;1)(63;8672;1)(82;9172;1)(90;9781;1)(50;10375;1)],51,14,0,0,13,18,76.923077,19,3
10,[(117;1922;1)(69;2688;1)(29;3391;1)(96;4188;1)(92;4938;1)(84;5453;1)(64;6172;1)(80;7125;1)(57;7875;1)(23;8906;1)(6;9516;1)(0;10219;1)(52;10953;1)],71,13,0,0,12,19,77.380952,117,4
11,[(116;1390;1)(97;1906;1)(93;2344;1)(110;3000;1)(79;3609;1)(66;4109;1)(64;4562;1)(71;5172;1)(40;6000;1)(47;6687;1)(39;7125;1)(19;7812;0)(33;8515;1)(14;8937;1)(11;10156;1)],61,14,1,0,11,19,84.415584,116,5
12,[(119;1969;1)(113;2891;1)(90;3375;1)(96;4125;1)(62;4797;1)(55;5437;1)(67;5844;1)(35;6359;1)(27;6734;1)(39;7219;1)(6;7906;1)(23;8375;1)(2;8766;1)(50;9328;1)],63,14,0,0,12,19,83.333333,119,2
13,[(118;1125;1)(115;1969;1)(96;2469;1)(89;2922;1)(82;3547;1)(90;4125;1)(63;4703;1)(65;5125;1)(58;5703;1)(36;6266;1)(50;6782;1)(32;7344;1)(13;7813;1)(19;8563;1)],57,14,0,0,10,19,100.000000,118,4
14,[(117;1234;1)(113;1969;1)(92;2609;1)(96;3219;1)(80;3828;1)(69;4750;1)(84;5219;1)(64;5531;1)(57;5969;1)(29;6516;1)(23;7078;1)(6;7625;1)(0;8469;1)(52;9406;1)],71,14,0,0,10,19,100.000000,117,5
15,[(116;3406;1)(47;4281;1)(79;4859;1)(97;5234;1)(110;6281;1)(64;7297;1)(71;7891;1)(93;8297;1)(40;9156;1)(33;9594;1)(11;10063;1)(14;10531;1)(66;11625;1)(39;12797;1)],75,14,0,0,14,17,71.428571,116,1
16,[(119;1594;1)(113;2219;1)(90;2766;1)(96;3438;1)(62;5454;1)(50;6297;1)(55;6922;1)(39;7563;1)(35;8125;1)(6;9094;1)(2;9813;1)(23;10329;1)(67;11438;1)],61,13,0,0,13,19,71.428571,119,5
49

Sujeto 27
1,[(19;1641;1)(7;2703;0)(36;3344;1)(13;3938;1)(32;4485;1)(50;5000;1)(63;5500;1)(82;6031;1)(90;6516;1)(115;7375;1)(96;7891;1)(118;8469;1)(89;9110;1)(65;9860;1)(58;10735;1)],55,14,1,0,11,19,84.415584,19,0
2,[(6;2016;1)(33;2656;1)(0;4016;1)(80;4906;1)(117;8000;1)(113;8750;1)(92;9406;1)(96;10125;1)(84;10531;1)(64;11156;1)(69;12047;1)(57;12500;1)(29;13266;1)(52;14938;1)],69,14,0,0,18,18,55.555556,6,4
3,[(39;1547;1)(47;2047;1)(14;2547;1)(33;3000;1)(11;3625;1)(40;4281;1)(71;4906;1)(93;5938;1)(110;6547;1)(116;7250;1)(97;7953;1)(79;8641;1)(66;10469;1)(64;11047;1)],52,14,0,0,12,19,83.333333,39,2
4,[(39;3375;1)(27;3859;1)(35;4406;1)(55;5125;1)(23;5984;1)(2;6812;1)(6;7891;1)(50;9031;1)(62;9656;1)(90;10906;1)(113;11734;1)(96;12516;1)(67;13797;1)(119;14531;1)],60,14,0,0,15,17,66.666667,39,2
5,[(58;2172;1)(89;2797;1)(118;3375;1)(96;4016;1)(115;4641;1)(90;5359;1)(82;5875;1)(63;6391;1)(65;7781;1)(32;8469;1)(50;8937;1)(38;10250;0)(19;11516;1)(36;14078;1)(13;14766;1)],63,14,1,0,17,18,54.621849,58,1
6,[(6;2953;1)(29;3781;1)(69;4735;1)(96;5922;1)(117;6547;1)(114;7203;-1)(113;8110;1)(82;8516;-1)(92;9016;1)(84;9453;1)(64;9860;1)(52;10344;1)(80;11047;1)(0;11953;1)(23;12672;1)(57;13688;1)],58,14,0,2,14,18,61.224490,6,4
7,[(39;1547;1)(47;2141;1)(66;2563;1)(63;2984;-1)(64;3625;1)(33;4156;1)(14;4578;1)(11;5203;1)(40;5672;1)(61;6453;-1)(71;7125;1)(110;7641;1)(93;8250;1)(116;8781;1)(97;9234;1)(79;9875;1)],48,14,0,2,12,19,71.428571,39,2
8,[(39;1953;1)(27;2485;1)(6;2953;1)(35;3969;1)(23;4438;1)(2;4953;1)(50;5547;1)(62;5985;1)(90;6516;1)(113;6782;1)(96;7610;1)(67;8266;1)(119;8875;1)],52,13,0,0,9,19,103.174603,39,0
9,[(58;1688;1)(89;2360;1)(65;4000;1)(36;4579;1)(19;5500;1)(13;6797;1)(32;7641;1)(50;8188;1)(63;8985;1)(82;9485;1)(90;10079;1)(115;11485;1)(96;11907;1)(118;12704;1)],56,14,0,0,14,19,71.428571,58,1
10,[(69;2594;1)(57;3141;1)(29;4156;1)(0;5875;1)(23;7203;1)(64;9297;1)(52;9797;1)(85;10469;-1)(84;10906;1)(92;11469;1)(113;12094;1)(117;12750;1)(96;13437;1)(80;14844;1)(6;17281;1)],71,14,0,1,18,18,51.587302,69,1
11,[(116;1453;1)(110;2500;1)(93;3422;1)(97;4766;1)(79;5250;1)(66;5922;1)(64;6297;1)(71;6844;1)(40;7375;1)(33;7938;1)(14;8594;1)(39;9703;1)(47;10250;1)],50,13,0,0,11,19,84.415584,116,3
12,[(39;1891;1)(55;2469;1)(35;2828;1)(27;3359;1)(67;4000;1)(6;4625;1)(2;5266;1)(23;5797;1)(50;6688;1)(62;7188;1)(90;7984;1)(114;8469;-1)(113;9438;1)(96;10094;1)(119;10734;1)],58,14,0,1,11,19,84.415584,39,3
13,[(19;1922;1)(36;2469;1)(13;3000;1)(32;3547;1)(50;4031;1)(63;4750;1)(65;5313;1)(58;6422;1)(89;7000;1)(118;7453;1)(115;8141;1)(96;8703;1)(82;9469;1)(90;10000;1)],49,14,0,0,10,19,100.000000,19,2
14,[(29;1484;1)(6;2094;1)(23;2656;1)(0;3984;1)(57;4906;1)(69;5516;1)(64;6453;1)(52;6875;1)(84;7484;1)(92;7984;1)(80;8625;1)(96;9266;1)(117;9984;1)(113;11031;1)],63,14,0,0,12,19,83.333333,29,2
15,[(39;1844;1)(14;2469;1)(11;2953;1)(33;3516;1)(40;4172;1)(64;4812;1)(71;5406;1)(93;5906;1)(97;6562;1)(116;7609;1)(110;9172;1)(66;10109;1)(47;10766;1)(79;12031;1)],64,14,0,0,13,19,76.923077,39,3
16,[(39;1407;1)(27;2750;1)(35;3266;1)(55;4016;1)(119;5985;1)(96;6719;1)(113;7594;1)(62;9266;1)(50;9860;1)(23;10750;1)(2;11469;1)(6;12500;1)(67;14453;1)(90;17438;1)],67,14,0,0,21,19,47.619048,39,2
32

Sujeto 24
1,[(49;2109;0)(19;2594;1)(7;4891;0)(9;5734;0)(36;8844;1)(65;9781;1)(32;10531;1)(50;11375;1)(90;12125;1)(96;13547;1)(115;14391;1)(89;15125;1)(63;16000;1)(58;16828;1)(13;18906;1)(82;20203;1)(118;21063;1)],79,14,3,0,21,18,37.414966,49,1
2,[(0;2562;1)(6;3203;1)(29;3828;1)(48;4359;0)(48;4687;0)(48;5187;0)(57;6062;1)(69;6859;1)(64;7812;1)(52;8343;1)(23;9390;1)(92;10390;1)(80;11453;1)(96;12187;1)(84;12593;1)(113;14437;1)(117;15375;1)],60,14,3,0,19,18,41.353383,0,3
3,[(11;1906;1)(14;2344;1)(40;2953;1)(33;3656;1)(71;4234;1)(110;4828;1)(93;5375;1)(64;5937;1)(66;6547;1)(116;7234;1)(96;7687;0)(97;7953;1)(79;8515;1)(47;9219;1)(39;9844;1)],56,14,1,0,10,19,92.857143,11,2
4,[(2;1500;1)(6;2031;1)(39;3000;1)(27;3547;1)(35;4047;1)(23;4609;1)(62;5547;1)(50;6156;1)(90;6672;1)(113;7187;1)(96;7859;1)(67;8406;1)(55;8984;1)(119;9594;1)],58,14,0,0,10,19,100.000000,2,2
5,[(13;2656;1)(19;3234;1)(32;4593;1)(36;5093;1)(50;5734;1)(90;6437;1)(82;6890;1)(63;7484;1)(65;7875;1)(58;8406;1)(107;9234;0)(118;11500;1)(96;11968;1)(89;12422;1)],57,13,1,0,13,18,65.934066,13,5
6,[(0;1516;1)(6;2266;1)(24;2891;-1)(23;3109;1)(29;3766;1)(64;4453;1)(52;4859;1)(85;5266;1)(84;5484;0)(96;6266;1)(117;6766;1)(93;7406;-1)(92;7625;1)(80;8234;1)(113;8953;1)(57;9641;1)(69;10125;1)],69,14,1,2,10,19,78.571429,0,2
7,[(11;1125;1)(14;1531;1)(50;2031;-1)(40;2500;1)(32;3062;-1)(33;3390;1)(64;3922;1)(71;4437;1)(93;5062;1)(110;5578;1)(97;6156;1)(66;6625;1)(116;7125;1)(79;7859;1)(47;8359;1)(39;8797;1)],64,14,0,2,9,19,95.238095,11,2
8,[(23;953;1)(2;1328;1)(6;1844;1)(27;2375;1)(35;2844;1)(50;3281;1)(62;3703;1)(90;4109;1)(113;4719;1)(96;5203;1)(67;5672;1)(55;6172;1)(39;6750;1)(119;7984;1)],59,14,0,0,8,20,125.000000,23,2
9,[(13;2968;1)(32;3375;1)(50;3765;1)(82;4562;1)(90;5015;1)(62;5453;0)(63;6437;1)(115;7828;1)(96;8218;1)(118;8640;1)(89;9140;1)(58;9578;1)(36;10093;1)(36;10406;0)(19;10875;1)(65;11906;1)],61,14,2,0,12,18,71.428571,13,0
10,[(0;1812;1)(6;2359;1)(29;2859;1)(23;3437;1)(64;4203;1)(52;4609;1)(80;7937;1)(92;8312;1)(74;8640;-1)(84;9031;1)(96;9562;1)(113;10156;1)(117;10890;1)(69;11437;1)(57;11843;1)],58,14,0,1,12,19,77.380952,0,3
11,[(11;1421;1)(14;1937;1)(33;2328;1)(41;2734;-1)(40;2968;1)(64;3546;1)(71;4078;1)(93;4515;1)(110;5031;1)(116;5640;1)(97;6046;1)(66;6468;1)(79;6906;1)(47;7359;1)(39;7734;1)],54,14,0,1,8,19,116.071429,11,2
12,[(6;1375;1)(2;1984;1)(23;2734;1)(62;3781;1)(50;4297;1)(113;5125;1)(90;5672;1)(55;6265;1)(35;6672;1)(27;7218;1)(39;7687;1)(67;8140;1)(106;8672;-1)(96;9125;1)(119;9640;1)],60,14,0,1,10,19,92.857143,6,2
13,[(12;1296;-1)(13;1593;1)(32;2046;1)(50;2718;1)(90;3343;1)(82;3765;1)(63;4187;1)(65;4640;1)(96;5140;1)(115;5546;1)(118;5953;1)(89;6328;1)(58;6734;1)(36;7140;1)(19;7578;1)],46,14,0,1,8,19,116.071429,12,3
14,[(0;1516;1)(6;2188;1)(52;4547;1)(23;5625;1)(64;7157;1)(80;7875;1)(84;8360;1)(113;9360;1)(96;9875;1)(92;10563;1)(117;11094;1)(29;12625;1)(57;13266;1)(68;13641;-1)(69;13907;1)],73,14,0,1,14,19,66.326531,0,3
15,[(14;1204;1)(11;1641;1)(33;2063;1)(40;2516;1)(71;2985;1)(110;3516;1)(94;3954;-1)(94;4266;1)(66;4782;1)(47;5250;1)(39;5610;1)(79;6141;1)(97;6766;1)(116;7250;1)(64;9500;1)],55,14,0,1,10,19,92.857143,14,2
16,[(2;1937;1)(6;2390;1)(27;3015;1)(55;3937;1)(35;4390;1)(62;5375;1)(23;6047;1)(56;8890;0)(39;10984;1)(119;12531;1)(96;13109;1)(67;13828;1)(50;15406;1)(113;17078;1)(90;17750;1)],71,14,1,0,18,19,51.587302,2,3
37

Sujeto 30
1,[(36;2844;1)(19;4625;1)(13;5563;1)(32;6141;1)(50;7141;1)(90;7813;1)(82;8547;1)(115;9547;1)(118;10328;1)(96;11313;1)(89;12172;1)(65;12766;1)(58;13657;1)(63;14844;1)(65;23203;0)],58,14,1,0,25,18,37.142857,36,3
2,[(64;2375;1)(52;3110;1)(0;4094;1)(23;5110;1)(6;6454;1)(29;7110;1)(57;7969;1)(69;8610;1)(84;9657;1)(80;12266;1)(113;13563;1)(117;14547;1)(96;16375;1)(92;19297;1)],61,14,0,0,25,18,40.000000,64,3
3,[(64;1719;1)(71;2437;1)(110;3265;1)(93;4000;1)(116;4765;1)(97;5437;1)(79;6234;1)(66;6969;1)(39;8719;1)(47;9406;1)(14;10656;1)(33;12172;1)(40;13094;1)(11;13984;1)],56,14,0,0,25,19,40.000000,64,0
4,[(62;2235;1)(50;3063;1)(90;3688;1)(113;4735;1)(96;5625;1)(57;6110;-1)(67;6922;1)(119;7860;1)(55;9141;1)(35;9719;1)(23;11735;1)(2;12547;1)(6;14094;1)(39;14813;1)(27;15438;1)],59,14,0,1,25,18,37.142857,62,3
5,[(13;3562;1)(19;4969;1)(36;6422;1)(50;8000;1)(90;9234;1)(82;9781;1)(115;12203;1)(118;13469;1)(89;14094;1)(65;15640;1)(32;17390;1)(63;22500;1)],55,12,0,0,25,17,34.285714,13,3
6,[(23;1938;1)(0;2704;1)(64;3625;1)(52;4125;1)(84;5125;1)(92;5797;1)(80;6563;1)(113;7313;1)(96;8079;1)(117;8641;1)(69;9360;1)(57;9844;1)(19;10329;-1)(29;10719;1)(6;11500;1)],63,14,0,1,25,19,37.142857,23,0
7,[(40;1625;1)(11;2265;1)(33;2890;1)(14;3531;1)(47;4219;1)(39;4859;1)(79;5453;1)(66;6156;1)(64;6781;1)(71;7469;1)(93;8015;1)(110;8797;1)(115;9765;-1)(97;10437;1)(116;10953;1)],55,14,0,1,25,19,37.142857,40,2
8,[(62;1485;1)(90;2047;1)(113;2610;1)(95;3235;-1)(96;3610;1)(67;4235;1)(55;5032;1)(35;5485;1)(23;6282;1)(50;7375;1)(2;8204;1)(6;8969;1)(39;9750;1)(27;10454;1)(119;11204;1)],64,14,0,1,25,19,37.142857,62,2
9,[(63;1954;1)(65;2844;1)(82;3469;1)(90;4172;1)(50;4797;1)(32;5657;1)(13;6391;1)(36;7032;1)(29;7782;-1)(19;8266;1)(58;9032;1)(89;9579;1)(118;10172;1)(115;10969;1)(96;11625;1)],50,14,0,1,25,19,37.142857,63,3
10,[(23;1656;1)(0;2656;1)(6;3328;1)(52;5172;1)(80;5797;1)(113;6859;1)(84;7656;1)(117;8500;1)(69;10015;1)(57;10578;1)(29;12437;1)(64;15281;1)(96;17015;1)(92;19390;1)],74,14,0,0,25,19,40.000000,23,2
11,[(33;1266;1)(11;1860;1)(14;2485;1)(40;4704;1)(71;5360;1)(110;6047;1)(93;7079;1)(116;8063;1)(97;8938;1)(79;9500;1)(66;10157;1)(47;10750;1)(39;11719;1)(64;12750;1)],58,14,0,0,25,19,40.000000,33,1
12,[(23;2828;1)(2;3765;1)(6;4500;1)(39;5406;1)(35;6109;1)(55;6719;1)(67;7453;1)(96;8219;1)(119;8969;1)(113;10094;1)(62;10797;1)(50;11500;1)(90;12015;1)(27;16078;1)],64,14,0,0,25,18,40.000000,23,4
13,[(63;1796;1)(32;2390;1)(50;3093;1)(13;4296;1)(36;5031;1)(29;6062;1)(58;6796;1)(89;7218;1)(118;7796;1)(96;8531;1)(115;9187;1)(82;9828;1)(90;10531;1)(65;11703;1)],60,14,0,0,25,19,40.000000,63,0
14,[(52;1453;1)(0;2203;1)(23;3453;1)(6;4015;1)(29;4781;1)(57;5390;1)(69;5765;1)(64;6594;1)(84;7031;1)(92;7672;1)(113;8422;1)(117;9078;1)(96;9640;1)(80;10453;1)],57,14,0,0,25,19,40.000000,52,2
15,[(33;1359;1)(11;1906;1)(40;2406;1)(14;3047;1)(66;3922;1)(64;4344;1)(39;4890;1)(47;5797;1)(79;6719;1)(97;7250;1)(116;7875;1)(93;8672;1)(71;9328;1)(110;10140;1)],61,14,0,0,25,19,40.000000,33,1
16,[(62;1235;1)(50;1844;1)(90;2391;1)(113;3422;1)(96;4407;1)(67;7000;1)(55;7625;1)(35;8063;1)(39;8750;1)(27;9563;1)(6;10438;1)(2;11157;1)],40,12,0,0,25,19,34.285714,62,3
32

Sujeto 45
1,[(27;1687;0)(19;3047;1)(13;3875;1)(32;4765;1)(50;5734;1)(82;6422;1)(90;6953;1)(63;7875;1)(65;8437;1)(115;9625;1)(96;10172;1)(58;11297;1)(36;12547;1)(40;14968;0)(40;15359;0)(89;22797;1)],55,13,3,0,25,19,28.571429,27,2
2,[(15;2250;0)(6;3922;1)(0;6359;1)(29;7672;1)(69;8594;1)(57;9469;1)(52;10406;1)(64;11031;1)(84;11594;1)(80;12266;1)(92;12906;1)(110;13797;0)(110;15000;0)(117;16953;1)(23;21766;1)(113;24797;1)],70,13,3,0,25,18,28.571429,15,5
3,[(14;2406;1)(11;3156;1)(33;3922;1)(40;4672;1)(64;5734;1)(66;6391;1)(71;7438;1)(93;8094;1)(110;8969;1)(116;10563;1)(97;11234;1)(79;12250;1)(47;13531;1)(39;14313;1)],55,14,0,0,25,18,40.000000,14,3
4,[(23;2219;1)(39;3406;1)(27;3969;1)(35;4688;1)(55;5813;1)(67;6563;1)(62;7469;1)(50;7953;1)(90;8594;1)(113;9234;1)(96;10000;1)(119;10781;1)(6;13922;1)(2;14578;1)(16;21531;0)(16;22250;0)],63,14,2,0,25,18,34.285714,23,4
5,[(19;1781;1)(13;2656;1)(32;3484;1)(50;4719;1)(90;5594;1)(82;6281;1)(115;8031;1)(118;9094;1)(89;10109;1)(58;10938;1)(36;11844;1)(63;16484;1)(65;18828;1)(96;20094;1)],53,14,0,0,25,19,40.000000,19,4
6,[(6;2328;1)(29;3281;1)(57;4297;1)(69;4781;1)(96;5938;1)(117;6578;1)(113;7203;1)(84;8047;1)(92;9313;1)(80;10078;1)(52;11094;1)(64;11750;1)(23;12703;1)(0;13547;1)],54,14,0,0,22,18,45.454545,6,1
7,[(14;2453;1)(11;3063;1)(33;3719;1)(40;4313;1)(71;5344;1)(93;6000;1)(110;6766;1)(116;7672;1)(97;8188;1)(79;9859;1)(39;10656;1)(47;11766;1)(66;12422;1)(64;12984;1)],49,14,0,0,20,18,50.000000,14,4
8,[(6;1391;1)(39;2125;1)(27;2609;1)(35;3109;1)(23;3766;1)(2;4219;1)(50;5094;1)(62;5656;1)(55;6453;1)(67;7219;1)(119;8125;1)(96;9000;1)(113;9594;1)(90;10234;1)],57,14,0,0,13,19,76.923077,6,0
9,[(19;1985;1)(36;3547;1)(58;4172;1)(89;4844;1)(118;5453;1)(96;6031;1)(115;6703;1)(82;7360;1)(90;7875;1)(63;8781;1)(50;9641;1)(65;10391;1)(32;11328;1)(13;12031;1)],58,14,0,0,16,19,62.500000,19,0
10,[(23;1531;1)(57;3031;1)(29;4578;1)(0;5453;1)(64;7656;1)(84;8328;1)(92;8984;1)(110;10234;0)(113;11250;1)(96;12078;1)(69;13390;1)(117;14562;1)(51;17359;-1)(52;17672;1)(6;19156;1)],79,13,1,1,22,19,35.714286,23,1
11,[(39;1531;1)(14;2531;1)(11;3156;1)(33;3703;1)(40;4297;1)(64;5015;1)(66;5656;1)(79;6515;1)(97;7125;1)(116;7828;1)(93;8515;1)(110;9328;1)(71;9969;1)(47;11547;1)],61,14,0,0,15,19,66.666667,39,2
12,[(6;1359;1)(27;1937;1)(39;2406;1)(35;3047;1)(67;3625;1)(55;4156;1)(96;4875;1)(113;6609;1)(90;7156;1)(62;7890;1)(50;8844;1)(23;15187;1)(2;17062;1)],50,13,0,0,18,19,51.587302,6,1
13,[(19;1328;1)(58;2109;1)(36;2781;1)(13;3328;1)(32;4000;1)(65;4797;1)(50;5453;1)(82;6000;1)(90;6563;1)(63;7219;1)(115;8094;1)(96;9016;1)(118;9750;1)(89;10375;1)],61,14,0,0,14,19,71.428571,19,0
14,[(6;1641;1)(23;2672;1)(0;3906;1)(52;4875;1)(64;5484;1)(96;7344;1)(84;7969;1)(92;8672;1)(80;9203;1)(113;10578;1)(117;11484;1)(69;12750;1)(29;13422;1)(57;17797;1)],60,14,0,0,18,19,55.555556,6,2
15,[(14;1391;1)(11;1984;1)(33;2750;1)(64;3594;1)(71;4328;1)(93;5125;1)(110;6047;1)(116;6953;1)(97;7516;1)(79;8266;1)(66;9000;1)(39;12109;1)(40;14719;1)],57,13,0,0,16,19,58.035714,14,2
16,[(39;1422;1)(27;2000;1)(55;3344;1)(96;4406;1)(119;5938;1)(6;7719;1)(23;9594;1)(35;10063;1)(62;11109;1)(50;11578;1)(90;13156;1)(113;13797;1)],58,12,0,0,15,19,57.142857,39,1
32


Sujeto 37
1,[(13;2703;1)(19;3828;1)(36;4953;1)(32;5750;1)(50;6390;1)(63;7234;1)(65;7968;1)(58;8796;1)(89;9593;1)(82;10343;1)(90;11046;1)(96;11859;1)(115;12593;1)(118;13265;1)],55,14,0,0,13,18,76.923077,13,6
2,[(6;2218;1)(23;3171;1)(0;4250;1)(29;5390;1)(57;6343;1)(64;7359;1)(52;7796;1)(69;8609;1)(85;9515;-1)(84;10296;1)(80;11062;1)(92;11968;1)(96;12781;1)(117;13359;1)(113;14125;1)],66,14,0,1,14,18,66.326531,6,3
3,[(11;1485;1)(14;2032;1)(39;3250;1)(47;4000;1)(66;4422;1)(33;5110;1)(40;5797;1)(63;6375;-1)(64;6672;1)(71;7313;1)(93;7891;1)(110;8704;1)(116;9594;1)(96;10188;0)(97;10891;1)(79;11485;1)],58,14,1,1,12,19,71.428571,11,2
4,[(2;1938;1)(6;2610;1)(23;3281;1)(27;4000;1)(39;4625;1)(35;5266;1)(55;5813;1)(62;6391;1)(50;7031;1)(67;7906;1)(90;8781;1)(113;9422;1)(96;10094;1)(119;10672;1)],62,14,0,0,11,19,90.909091,2,3
5,[(19;1797;1)(13;2875;1)(32;3407;1)(36;4063;1)(58;5016;1)(65;5625;1)(63;6172;1)(50;6922;1)(90;7610;1)(82;8282;1)(115;9016;1)(96;9578;1)(118;10219;1)(89;10860;1)],51,14,0,0,11,19,90.909091,19,4
6,[(6;1375;1)(0;1985;1)(30;2688;0)(23;3953;1)(29;4844;1)(64;5657;1)(52;6235;1)(69;7078;1)(84;7860;1)(80;8547;1)(92;9063;1)(96;9657;1)(113;10407;1)(117;11157;1)],64,13,1,0,11,19,77.922078,6,5
7,[(14;1469;1)(11;1907;1)(39;3610;1)(33;4344;1)(40;4938;1)(47;5547;1)(66;6016;1)(64;6500;1)(71;7516;1)(79;8344;1)(97;9079;1)(93;9766;1)(110;10485;1)(116;11344;1)],66,14,0,0,12,19,83.333333,14,7
8,[(2;1391;1)(6;2031;1)(23;2719;1)(35;3328;1)(27;3812;1)(39;4312;1)(55;4859;1)(62;5453;1)(50;5859;1)(67;6531;1)(96;7047;1)(113;7594;1)(119;8344;1)(90;9187;1)],65,14,0,0,9,19,111.111111,2,2
9,[(13;1828;1)(19;2672;1)(36;3344;1)(32;3875;1)(50;4485;1)(63;5531;1)(65;5969;1)(58;6485;1)(89;7141;1)(96;7750;1)(118;8344;1)(115;9078;1)(82;9844;1)(90;10438;1)],53,14,0,0,11,19,90.909091,13,4
10,[(6;1078;1)(29;1750;1)(23;2609;1)(0;3125;1)(52;3984;1)(80;4656;1)(84;5718;1)(92;6234;1)(64;6875;1)(96;7890;1)(113;8625;1)(117;9218;1)(69;10047;1)(57;10609;1)],64,14,0,0,11,19,90.909091,6,3
11,[(14;1125;1)(11;1719;1)(40;2203;1)(33;2703;1)(47;3594;1)(39;4156;1)(79;5156;1)(66;5640;1)(64;6109;1)(71;6562;1)(110;7344;1)(93;7812;1)(116;8547;1)(97;9515;1)],51,14,0,0,10,19,100.000000,14,3
12,[(6;1406;1)(2;1922;1)(23;2484;1)(50;3078;1)(62;3656;1)(55;4375;1)(35;4890;1)(27;5375;1)(39;6078;1)(67;6719;1)(119;7312;1)(113;8140;1)(90;8719;1)(96;9547;1)],57,14,0,0,10,19,100.000000,6,4
13,[(19;1031;1)(13;1766;1)(32;2406;1)(36;3031;1)(50;3735;1)(82;4313;1)(90;4828;1)(63;5531;1)(65;6047;1)(115;6735;1)(95;7188;0)(96;7797;1)(118;8344;1)(89;8906;1)(58;9438;1)],57,14,1,0,10,19,92.857143,19,3
14,[(29;1688;1)(6;2407;1)(23;3313;1)(0;3891;1)(53;4547;1)(64;5094;1)(57;5610;1)(69;6079;1)(96;6829;1)(84;7297;1)(92;7719;1)(80;8188;1)(113;8813;1)(117;9375;1)],57,14,0,0,10,19,100.000000,29,1
15,[(39;1688;1)(14;2344;1)(33;2938;1)(11;3407;1)(40;3828;1)(64;4266;1)(71;5172;1)(66;5953;1)(79;6547;1)(97;7032;1)(116;7500;1)(93;7985;1)(110;8563;1)],55,13,0,0,9,19,103.174603,39,0
16,[(6;1828;1)(3;2438;1)(2;2797;0)(23;3297;1)(27;3953;1)(35;4360;1)(39;4797;1)(55;5547;1)(62;6688;1)(50;7266;1)(90;8235;1)(113;8797;1)(119;10719;1)(96;12016;1)(67;13391;1)],53,14,1,0,14,19,66.326531,6,5
55

Sujeto 43
1,[(19;3922;1)(58;4609;1)(89;5359;1)(96;6406;1)(118;7328;1)(115;8000;1)(82;8750;1)(90;9687;1)(50;10218;1)(63;10953;1)(65;11437;1)(32;12203;1)(36;12937;1)(13;14093;1)],54,14,0,0,15,17,66.666667,19,4
2,[(6;1735;1)(29;2532;1)(57;3282;1)(69;3954;1)(117;4797;1)(96;6079;1)(113;6875;1)(92;7407;1)(80;7907;1)(64;8797;1)(23;9454;1)(0;10297;1)],50,12,0,0,12,19,71.428571,6,0
3,[(14;1562;1)(11;2031;1)(33;2515;1)(64;3156;1)(40;3765;1)(71;4297;1)(110;4937;1)(93;5500;1)(97;6281;1)(116;6750;1)(66;7468;1)(47;7984;1)(39;9047;1)(79;10031;1)],53,14,0,0,10,19,100.000000,14,4
4,[(6;2875;1)(2;3844;1)(35;4578;1)(39;5406;1)(27;6000;1)(55;6672;1)(67;7328;1)(62;8031;1)(50;8563;1)(90;9172;1)(113;9797;1)(96;10391;1)(119;11109;1)],52,13,0,0,12,18,77.380952,6,4
5,[(19;2813;1)(13;3782;1)(32;4688;1)(36;5500;1)(58;6625;1)(65;7391;1)(63;8141;1)(50;8922;1)(90;9797;1)(82;10469;1)(115;12032;1)(96;12641;1)(118;13375;1)(89;14422;1)],51,14,0,0,16,18,62.500000,19,4
6,[(6;1687;1)(0;2390;1)(23;3125;1)(52;4218;1)(64;4875;1)(84;5312;1)(57;6015;1)(29;6515;1)(69;7156;1)(96;7812;1)(117;8484;1)(113;9078;1)(92;9609;1)(80;10125;1)],54,14,0,0,11,19,90.909091,6,4
7,[(14;1484;1)(11;2109;1)(33;2531;1)(40;2984;1)(53;3609;0)(64;4234;1)(71;4906;1)(110;5421;1)(93;5968;1)(116;6531;1)(97;6937;1)(79;7578;1)(66;8265;1)(47;8718;1)(39;9171;1)(39;10500;0)],53,14,2,0,12,19,71.428571,14,1
8,[(6;1281;1)(27;1812;1)(39;2265;1)(35;3109;1)(23;3515;1)(2;4125;1)(50;5109;1)(62;5656;1)(55;6296;1)(67;6859;1)(96;7437;1)(113;8046;1)(90;8562;1)(119;9265;1)],58,14,0,0,9,19,111.111111,6,1
9,[(19;1422;1)(13;2094;1)(36;2657;1)(58;3141;1)(89;3641;1)(118;4157;1)(96;4625;1)(105;5016;0)(115;5610;1)(65;6297;1)(63;6766;1)(50;7266;1)(82;7829;1)(90;8360;1)],49,13,1,0,9,19,95.238095,19,2
10,[(29;1531;1)(6;2312;1)(0;3328;1)(23;4125;1)(52;4781;1)(63;5453;-1)(64;6125;1)(80;6797;1)(84;7453;1)(92;8203;1)(113;9000;1)(117;9562;1)(96;10219;1)(69;10812;1)(57;11422;1)],55,14,0,1,12,19,77.380952,29,3
11,[(14;1219;1)(11;1688;1)(33;2454;1)(40;3032;1)(71;3625;1)(64;4063;1)(83;4610;-1)(93;4813;1)(110;5516;1)(116;6157;1)(97;6719;1)(79;7360;1)(66;7922;1)(47;8375;1)(39;8782;1)(19;9079;0)(19;9907;0)],51,14,2,1,11,19,71.428571,14,2
12,[(5;2875;0)(6;3219;1)(2;4047;1)(23;4688;1)(35;5297;1)(27;5875;1)(39;6594;1)(67;7204;1)(55;7719;1)(62;8438;1)(50;9000;1)(113;10204;1)(90;10688;1)(119;11625;1)(96;12344;1)],61,14,1,0,13,18,71.428571,5,1
13,[(29;1235;-1)(19;1563;1)(36;2094;1)(13;2750;1)(32;3313;1)(50;3750;1)(63;4469;1)(65;4938;1)(58;5438;1)(89;6000;1)(96;6547;1)(118;7047;1)(115;7500;1)(82;7922;1)(90;8360;1)],51,14,0,1,8,19,116.071429,29,2
14,[(6;2078;1)(23;2921;1)(0;3484;1)(52;4984;1)(64;5421;1)(57;5984;1)(29;6578;1)(69;7390;1)(84;8281;1)(117;9000;1)(96;9468;1)(92;10078;1)(80;10593;1)(113;11296;1)],62,14,0,0,12,18,83.333333,6,2
15,[(14;1297;1)(11;1750;1)(33;2266;1)(41;2735;-1)(40;3641;1)(71;4125;1)(64;4688;1)(93;5329;1)(110;6188;1)(116;6954;1)(97;7485;1)(66;7954;1)(47;8625;1)(39;9329;1)(79;9922;1)],51,14,0,1,11,19,84.415584,14,3
16,[(39;1750;1)(27;2593;1)(35;3250;1)(23;3921;1)(6;4640;1)(2;5078;1)(50;6375;1)(62;6812;1)(55;7531;1)(67;9218;1)(96;9890;1)(119;10937;1)(113;11671;1)(90;12484;1)],55,14,0,0,14,19,71.428571,39,2
39

Sujeto 34
1,[(19;2250;1)(36;3203;1)(13;3797;1)(32;4281;1)(50;4859;1)(63;5515;1)(82;5953;1)(90;6406;1)(65;6922;1)(96;7437;1)(115;7922;1)(118;8390;1)(89;8859;1)(58;9328;1)],53,14,0,0,14,18,71.428571,19,1
2,[(6;1765;1)(23;2375;1)(0;2906;1)(29;4281;1)(69;4953;1)(57;5375;1)(52;6422;1)(92;7843;1)(84;8281;1)(113;8890;1)(117;9453;1)(96;10047;1)],51,12,0,0,12,19,71.428571,6,3
3,[(11;1609;1)(14;2297;1)(33;2734;1)(40;3234;1)(39;3906;1)(47;4390;1)(66;4890;1)(64;5281;1)(71;5750;1)(110;6312;1)(93;6750;1)(116;7234;1)(97;7656;1)(79;8140;1)],54,14,0,0,10,19,100.000000,11,2
4,[(6;3578;1)(2;4125;1)(23;4578;1)(35;5078;1)(27;5500;1)(39;6000;1)(55;6734;1)(67;7172;1)(62;7734;1)(50;8297;1)(90;8797;1)(113;9390;1)(96;10047;1)(119;10656;1)],52,14,0,0,12,17,83.333333,6,3
5,[(19;1172;1)(36;1907;1)(13;3172;1)(32;4000;1)(50;4641;1)(82;5328;1)(90;5907;1)(65;6469;1)(96;7313;1)(115;7907;1)(58;8516;1)(89;8922;1)(118;9516;1)],57,13,0,0,10,19,92.857143,19,0
6,[(6;1156;1)(0;1875;1)(23;2515;1)(29;3218;1)(57;4015;1)(52;4500;1)(64;5031;1)(84;5390;1)(80;6140;1)(92;6593;1)(113;7000;1)(96;7656;1)(117;8125;1)(69;8843;1)],57,14,0,0,10,19,100.000000,6,4
7,[(14;1234;1)(33;1765;1)(11;2203;1)(40;2812;1)(71;3515;1)(110;4015;1)(93;4437;1)(66;4968;1)(64;5422;1)(47;5953;1)(39;6468;1)(79;7687;1)(97;8109;1)(116;8531;1)],52,14,0,0,9,19,111.111111,14,2
8,[(6;1078;1)(2;1562;1)(23;2078;1)(35;2468;1)(27;2890;1)(39;3265;1)(55;3859;1)(62;4390;1)(50;4843;1)(90;5406;1)(113;6047;1)(96;6515;1)(67;7093;1)(119;7765;1)],54,14,0,0,8,19,125.000000,6,2
9,[(19;1547;1)(36;2140;1)(58;2578;1)(65;3047;1)(13;3640;1)(31;4062;-1)(32;4687;1)(50;5187;1)(82;5875;1)(63;6437;1)(90;6968;1)(115;7609;1)(96;8172;1)(118;8625;1)(89;9047;1)],59,14,0,1,10,19,92.857143,19,0
10,[(29;1656;1)(6;2359;1)(0;3250;1)(23;4640;1)(52;5344;1)(64;5844;1)(92;6406;1)(80;7359;1)(113;7937;1)(96;8594;1)(84;8984;1)(69;9625;1)(57;10000;1)(117;11687;1)],61,14,0,0,12,19,83.333333,29,2
11,[(39;1328;1)(14;2172;1)(11;2625;1)(33;3125;1)(40;3734;1)(71;4234;1)(64;4765;1)(66;5219;1)(79;5922;1)(97;6609;1)(116;7156;1)(110;7859;1)(93;8281;1)(47;9890;1)],59,14,0,0,12,19,83.333333,39,3
12,[(6;1484;1)(2;2015;1)(23;2515;1)(35;2922;1)(27;3312;1)(39;3734;1)(55;4312;1)(67;4765;1)(96;5187;1)(62;5656;1)(50;6281;1)(90;6875;1)(113;7375;1)(119;8078;1)],54,14,0,0,11,19,90.909091,6,3
13,[(19;859;1)(36;1422;1)(13;1938;1)(32;2422;1)(50;2891;1)(63;3359;1)(65;3734;1)(58;4172;1)(89;4578;1)(96;5031;1)(118;5422;1)(115;5953;1)(82;6469;1)(90;6906;1)],51,14,0,0,8,20,125.000000,19,2
14,[(29;1141;1)(6;1719;1)(23;2250;1)(0;2719;1)(52;3391;1)(64;3875;1)(57;4282;1)(69;5391;1)(84;6157;1)(92;6641;1)(80;7063;1)(113;7672;1)(96;8329;1)(117;9454;1)],59,14,0,0,11,19,90.909091,29,0
15,[(39;1797;1)(14;2922;1)(11;3453;1)(33;3922;1)(40;4515;1)(64;5109;1)(71;5578;1)(93;6031;1)(110;6484;1)(116;7218;1)(97;7656;1)(66;8078;1)(79;8578;1)(47;9297;1)],59,14,0,0,10,19,100.000000,39,2
16,[(6;1515;1)(2;2328;1)(23;2812;1)(35;3344;1)(39;3875;1)(27;5047;1)(55;6015;1)(67;6422;1)(62;6922;1)(50;7297;1)(90;7812;1)(96;8640;1)(119;9781;1)(113;11797;1)],54,14,0,0,15,19,66.666667,6,5
34


Sujet 32
1,[(36;1328;1)(58;2844;1)(19;3765;1)(13;5203;1)(32;5953;1)(50;6703;1)(82;7469;1)(63;8140;1)(65;8625;1)(96;9265;1)(89;9969;1)(118;10750;1)(115;11469;1)(90;12359;1)],54,14,0,0,25,19,40.000000,36,3
2,[(23;2281;1)(0;3234;1)(6;4141;1)(29;5047;1)(56;5750;-1)(57;6297;1)(69;7109;1)(64;8219;1)(52;9578;1)(80;12437;1)(84;14672;1)(96;15359;1)(117;16250;1)(113;18125;1)],51,13,0,1,25,18,34.285714,23,4
3,[(14;1469;1)(11;2000;1)(40;2656;1)(33;3219;1)(64;3891;1)(66;4328;1)(47;5234;1)(39;5844;1)(79;7156;1)(97;8000;1)(116;8766;1)(93;9437;1)(110;10281;1)(71;11109;1)],49,14,0,0,25,19,40.000000,14,3
4,[(6;2953;1)(2;4016;1)(23;5797;1)(35;6437;1)(27;6984;1)(39;7750;1)(67;9812;1)(55;10609;1)(62;11281;1)(50;11859;1)(90;14844;1)(113;15781;1)(96;16734;1)(119;18062;1)],50,14,0,0,25,18,40.000000,6,2
5,[(32;2109;1)(13;2828;1)(50;3859;1)(90;5547;1)(82;6484;1)(96;8125;1)(115;9062;1)(118;9750;1)(89;10391;1)(58;11312;1)(19;12672;1)(36;14391;1)(65;15953;1)(63;17219;1)],52,14,0,0,25,18,40.000000,32,3
6,[(23;1828;1)(0;2719;1)(80;4187;1)(92;4687;1)(113;5359;1)(84;6016;1)(117;6828;1)(69;7937;1)(57;8734;1)(29;9547;1)(64;10594;1)(52;11328;1)(6;12891;1)(96;16047;1)],74,14,0,0,25,19,40.000000,23,2
7,[(11;1641;1)(14;2187;1)(33;2687;1)(40;3312;1)(71;4219;1)(110;5141;1)(93;5937;1)(64;6531;1)(66;6953;1)(116;7641;1)(97;8375;1)(79;10062;1)(39;11031;1)(47;11547;1)],49,14,0,0,25,19,40.000000,11,3
8,[(2;1531;1)(6;2328;1)(27;3062;1)(39;3562;1)(35;4281;1)(23;4891;1)(50;5703;1)(62;6750;1)(55;7562;1)(67;8125;1)(96;8953;1)(119;10750;1)(113;11547;1)(90;12187;1)],53,14,0,0,25,19,40.000000,2,3
9,[(13;2047;1)(36;3422;1)(58;4016;1)(19;4766;1)(50;6531;1)(82;7437;1)(63;7969;1)(90;8656;1)(114;9578;-1)(115;10187;1)(96;10656;1)(118;11266;1)(65;13062;1)(89;13828;1)(32;20828;1)],81,14,0,1,25,18,37.142857,13,0
10,[(6;2359;1)(0;3375;1)(23;4500;1)(52;5609;1)(64;6156;1)(57;6859;1)(69;7375;1)(29;8266;1)(96;10812;1)(117;11469;1)(113;12812;1)(92;13297;1)(80;13984;1)(84;15859;1)],56,14,0,0,25,18,40.000000,6,4
11,[(11;2344;1)(14;3000;1)(33;4687;1)(64;5391;1)(66;5969;1)(40;6719;1)(79;7984;1)(97;8516;1)(93;9187;1)(116;9891;1)(110;10641;1)(71;11859;1)(39;16172;1)(47;19937;1)],71,14,0,0,25,18,40.000000,11,4
12,[(2;1516;1)(6;2359;1)(39;3125;1)(27;3656;1)(35;4062;1)(23;4578;1)(50;5750;1)(62;6297;1)(55;6812;1)(67;7453;1)(96;8406;1)(119;9469;1)(113;10406;1)(90;11062;1)],55,14,0,0,25,19,40.000000,2,2
13,[(13;1766;1)(36;2500;1)(19;3031;1)(32;4078;1)(50;4781;1)(63;5422;1)(65;5891;1)(58;6437;1)(89;7016;1)(96;7500;1)(118;7969;1)(82;8875;1)(90;9328;1)(115;12000;1)],64,14,0,0,25,19,40.000000,13,1
14,[(6;1891;1)(0;2906;1)(23;3797;1)(57;5312;1)(29;6094;1)(52;7750;1)(64;8781;1)(84;9266;1)(96;10000;1)(69;10969;1)(117;12203;1)(113;12922;1)(92;13437;1)(80;14172;1)],64,14,0,0,25,19,40.000000,6,3
15,[(11;1672;1)(14;2469;1)(39;3437;1)(33;4344;1)(40;5156;1)(47;6953;1)(66;8109;1)(64;8500;1)(71;9109;1)(93;9828;1)(97;10625;1)(110;11234;1)(116;12000;1)(79;12891;1)],66,14,0,0,25,19,40.000000,11,6
16,[(6;1828;1)(2;2562;1)(23;3109;1)(35;3547;1)(27;4219;1)(39;4750;1)(67;6203;1)(55;6672;1)(62;7469;1)(50;8141;1)(90;10187;1)(113;11219;1)(96;11859;1)(119;13922;1)],50,14,0,0,25,19,40.000000,6,2
45

Sujeto 46
1,[(58;2922;1)(89;3797;1)(96;4469;1)(118;5109;1)(115;6031;1)(82;6625;1)(63;7203;1)(90;7953;1)(50;8500;1)(32;9281;1)(13;10156;1)(36;10938;1)(19;11891;1)(65;13797;1)],60,14,0,0,21,18,47.619048,58,2
2,[(57;2719;1)(69;3375;1)(96;4500;1)(117;5250;1)(84;6141;1)(80;6953;1)(113;7828;1)(92;8328;1)(64;8907;1)(52;9469;1)(23;10453;1)(6;11016;1)(29;11610;1)(0;12719;1)],64,14,0,0,17,18,58.823529,57,1
3,[(11;1516;1)(14;2079;1)(33;2750;1)(40;3891;1)(47;4985;1)(39;6000;1)(66;6610;1)(79;7266;1)(97;7860;1)(116;9782;1)(71;10594;1)(110;12016;1)(64;13219;1)(93;15610;1)],64,14,0,0,19,19,52.631579,11,2
4,[(67;1375;1)(55;1906;1)(35;2390;1)(39;3062;1)(27;3687;1)(6;4172;1)(23;4968;1)(2;5453;1)(50;6125;1)(62;6718;0)(62;7625;1)(90;8250;1)(113;8781;1)(96;9687;1)(119;10437;1)],53,14,1,0,12,19,77.380952,67,1
5,[(19;2109;1)(13;3140;1)(36;4234;1)(32;4937;1)(50;5500;1)(65;6250;1)(58;7078;1)(82;8547;1)(90;9140;1)(115;9968;1)(96;10531;1)(89;11109;1)(118;12031;1)(63;15250;1)],69,14,0,0,18,18,55.555556,19,2
6,[(29;1750;1)(6;2234;1)(23;2765;1)(10;3484;-1)(0;4578;1)(52;5187;1)(64;5765;1)(57;6390;1)(69;7390;1)(96;7968;1)(84;8406;1)(92;8828;1)(113;9390;1)(118;9843;-1)(117;10140;1)(80;10890;1)],61,14,0,2,15,19,57.142857,29,1
7,[(47;1422;1)(39;2234;1)(14;2828;1)(43;3250;-1)(33;3547;1)(12;4015;-1)(11;4406;1)(40;4937;1)(71;5640;1)(64;6140;1)(66;6734;1)(79;7375;1)(97;7968;1)(116;8531;1)(93;9109;1)(110;9750;1)],52,14,0,2,12,19,71.428571,47,1
8,[(35;1360;1)(23;1766;1)(2;2188;1)(6;3047;1)(27;3813;1)(39;4469;1)(67;5047;1)(55;5594;1)(62;6063;1)(50;6594;1)(90;7219;1)(113;7813;1)(97;8610;1)(119;9235;1)],50,14,0,0,10,19,100.000000,35,2
9,[(19;1296;1)(36;2187;1)(13;2625;1)(32;3093;1)(50;3656;1)(63;4218;1)(82;4828;1)(90;5343;1)(65;5937;1)(58;6406;1)(89;6968;1)(96;7578;1)(118;8078;1)(115;8671;1)],54,14,0,0,12,19,83.333333,19,1
10,[(29;1516;1)(57;1984;1)(69;2797;1)(117;3453;1)(96;3891;1)(84;4469;1)(64;4859;1)(52;5250;1)(23;5938;1)(6;6625;1)(0;7719;1)(80;8406;1)(92;8891;1)(113;9422;1)],55,14,0,0,11,19,90.909091,29,2
11,[(39;1062;1)(14;2406;1)(11;2843;1)(40;3296;1)(33;3687;1)(47;4296;1)(67;4718;1)(64;5187;1)(93;5875;1)(110;6484;1)(97;7203;1)(116;7859;1)(79;8671;1)(71;9625;1)],64,14,0,0,11,19,90.909091,39,3
12,[(39;1282;1)(6;2000;1)(2;2594;1)(23;3125;1)(50;3813;1)(35;4625;1)(55;5250;1)(62;5907;1)(67;6438;1)(96;7313;1)(90;8063;1)(113;8547;1)(119;9563;1)(27;12172;1)],69,14,0,0,15,19,66.666667,39,5
13,[(19;984;1)(36;1515;1)(13;2093;1)(32;2500;1)(50;3437;1)(82;3968;1)(90;4390;1)(73;4843;-1)(63;5437;1)(65;5890;1)(58;6453;1)(89;6922;1)(96;7422;1)(118;7890;1)],49,13,0,1,9,20,95.238095,19,1
14,[(29;859;1)(6;1593;1)(57;2187;1)(96;4281;1)(117;4765;1)(84;5484;1)(92;6078;1)(113;6593;1)(64;7218;1)(52;7640;1)(80;8359;1)(0;9468;1)(23;10546;1)(79;16406;-1)(69;16796;1)],68,14,0,1,18,20,51.587302,29,1
15,[(39;1093;1)(47;1812;1)(14;2375;1)(33;2812;1)(11;3203;1)(40;3734;1)(71;4218;1)(102;4921;-1)(94;5234;-1)(93;5734;1)(110;6343;1)(116;7187;1)(97;7812;1)(66;8312;1)(64;8812;1)(79;10921;1)],54,14,0,2,14,19,61.224490,39,2
16,[(39;1109;1)(27;1890;1)(67;2703;1)(119;3469;1)(96;4031;1)(55;4750;1)(35;5672;1)(6;6750;1)(2;8219;1)(62;9094;1)(50;9531;1)(23;10578;1)(90;11234;1)(113;11687;1)],64,14,0,0,14,19,71.428571,39,3
30

Sujeto 38
1,[(13;2500;1)(32;3281;1)(50;4610;1)(19;6000;1)(89;7203;1)(96;7953;1)(118;8735;1)(115;9531;1)(82;10219;1)(90;10719;1)(63;11313;1)(65;12516;1)(36;13563;1)(58;14516;1)],63,14,0,0,25,18,40.000000,13,3
2,[(6;2718;1)(23;3656;1)(29;4828;1)(57;5812;1)(69;6515;1)(64;7297;1)(84;8703;1)(92;10109;1)(113;11234;1)(96;12015;1)(117;12984;1)(80;17687;1)(0;22218;1)],58,13,0,0,23,18,40.372671,6,3
3,[(14;1985;1)(11;2641;1)(33;3344;1)(40;4063;1)(71;4891;1)(110;5735;1)(93;6485;1)(64;7704;1)(66;8422;1)(47;9469;1)(39;10422;1)(79;11454;1)(97;12219;1)(116;13547;1)],48,14,0,0,14,19,71.428571,14,3
4,[(27;3094;1)(39;4031;1)(119;4859;1)(96;5672;1)(67;6594;1)(113;7578;1)(90;8438;1)(50;9313;1)(62;10109;1)(55;11141;1)(35;11922;1)(23;13469;1)(6;14734;1)(2;15563;1)],59,14,0,0,16,17,62.500000,27,4
5,[(19;2140;1)(58;3094;1)(89;3828;1)(118;4578;1)(115;5328;1)(96;6125;1)(82;6765;1)(90;7453;1)(63;8234;1)(65;9109;1)(36;9922;1)(32;10594;1)(50;11359;1)(13;12265;1)],54,14,0,0,15,18,66.666667,19,3
6,[(6;1718;1)(29;2437;1)(69;3359;1)(64;4156;1)(23;5093;1)(0;6187;1)(92;7046;1)(80;7750;1)(96;8593;1)(84;9187;1)(117;10000;1)(113;11109;1)(57;11859;1)(52;12875;1)],73,14,0,0,15,19,66.666667,6,3
7,[(14;1360;1)(11;2125;1)(33;3078;1)(40;3828;1)(47;4547;1)(39;5203;1)(66;5813;1)(64;6375;1)(71;7031;1)(93;7625;1)(110;8328;1)(79;9016;1)(97;9688;1)(116;10875;1)],62,14,0,0,12,19,83.333333,14,3
8,[(6;1407;1)(27;1891;1)(39;2469;1)(35;3047;1)(23;3641;1)(2;4188;1)(62;5032;1)(50;5719;1)(90;6485;1)(96;7110;1)(67;7672;1)(55;8297;1)(119;9079;1)(113;10110;1)],58,14,0,0,11,19,90.909091,6,4
9,[(19;1579;1)(13;2438;1)(32;3110;1)(36;3891;1)(58;4454;1)(89;5282;1)(82;7891;1)(90;8547;1)(63;9188;1)(65;9813;1)(118;10594;1)(115;11344;1)(96;12235;1)(50;13797;1)],63,14,0,0,16,19,62.500000,19,5
10,[(6;2187;1)(23;3062;1)(0;4531;1)(29;5344;1)(64;7062;1)(52;7641;1)(84;8281;1)(80;9016;1)(92;9687;1)(113;10312;1)(96;11187;1)(117;11922;1)(69;13047;1)(57;14156;1)],66,14,0,0,16,18,62.500000,6,1
11,[(14;2016;1)(11;2703;1)(33;3219;1)(40;3891;1)(64;4438;1)(66;4985;1)(39;6188;1)(47;6891;1)(79;7625;1)(97;8235;1)(116;9156;1)(110;10313;1)(93;11516;1)],51,13,0,0,13,18,71.428571,14,3
12,[(6;1515;1)(27;2046;1)(39;2703;1)(35;3218;1)(23;3734;1)(2;4328;1)(62;5234;1)(50;5812;1)(55;6406;1)(67;6937;1)(96;7531;1)(119;8343;1)(113;9156;1)(90;9953;1)],53,14,0,0,13,19,76.923077,6,4
13,[(19;1547;1)(36;2172;1)(58;2922;1)(89;3454;1)(118;4125;1)(115;4797;1)(96;5438;1)(65;6235;1)(63;6782;1)(82;7344;1)(90;7875;1)(50;8766;1)(32;9360;1)(13;10172;1)],46,14,0,0,12,19,83.333333,19,3
14,[(29;1828;1)(57;2546;1)(69;3468;1)(23;7015;1)(6;7718;1)(117;8718;1)(96;9468;1)(92;13234;1)(80;14921;1)(84;16328;1)(52;17015;1)(64;17875;1)(113;20859;1)(0;22234;1)],77,14,0,0,23,19,43.478261,29,2
15,[(14;1593;1)(11;2375;1)(39;3375;1)(47;4390;1)(79;5578;1)(97;6390;1)(116;7125;1)(110;8484;1)(71;9562;1)(64;10250;1)(66;10953;1)(33;11953;1)(40;12640;1)(93;17109;1)],63,14,0,0,18,19,55.555556,14,3
16,[(6;1953;1)(39;4031;1)(119;5328;1)(96;6297;1)(67;7218;1)(55;7765;1)(35;8578;1)(27;9484;1)(23;10437;1)(2;11250;1)(62;12656;1)(50;13390;1)(90;14172;1)(113;15453;1)],56,14,0,0,18,19,55.555556,6,5
52

Sujeto 48
1,[(36;3828;1)(13;5391;1)(19;6719;1)(58;7828;1)(89;9016;1)(118;9766;1)(115;10547;1)(96;11359;1)(82;12375;1)(90;13016;1)(63;14062;1)(50;14719;1)(32;15453;1)(65;16641;1)],58,14,0,0,19,17,52.631579,36,2
2,[(6;2578;1)(0;5172;1)(29;6156;1)(57;7016;1)(69;7594;1)(64;8391;1)(52;8828;1)(80;9906;1)(84;10422;1)(96;11016;1)(117;11797;1)(113;12781;1)(92;13578;1)],55,13,0,0,15,18,61.904762,6,4
3,[(14;1766;1)(10;2344;-1)(11;2766;1)(40;3375;1)(33;3938;1)(39;5266;1)(47;5844;1)(79;6375;1)(66;6969;1)(64;7406;1)(71;7922;1)(110;8641;1)(93;9313;1)(97;9828;1)(116;10469;1)],52,14,0,1,13,19,71.428571,14,4
4,[(6;2610;1)(27;3407;1)(39;3954;1)(2;4969;1)(23;5704;1)(35;6282;1)(55;7016;1)(67;7625;1)(62;8500;1)(50;9110;1)(96;10125;1)(119;11422;1)(90;12094;1)(113;13610;1)],66,14,0,0,14,18,71.428571,6,2
5,[(13;2000;1)(19;3422;1)(36;4953;1)(58;5797;1)(32;6578;1)(50;7422;1)(63;8344;1)(65;8844;1)(82;10016;1)(90;10563;1)(96;11438;1)(115;11985;1)(118;12516;1)(89;13719;1)],57,14,0,0,16,18,62.500000,13,4
6,[(23;1844;1)(0;2516;1)(6;3531;1)(29;4063;1)(69;5000;1)(57;5766;1)(64;6344;1)(52;6750;1)(80;7422;1)(92;7891;1)(84;8344;1)(96;8750;1)(117;9141;1)(113;9656;1)],51,14,0,0,10,19,100.000000,23,3
7,[(12;1797;-1)(12;2375;-1)(11;2781;1)(14;3172;1)(39;4797;1)(47;5359;1)(33;6281;1)(71;6859;1)(40;8078;1)(79;9187;1)(66;9687;1)(64;10203;1)(93;10719;1)(110;11234;1)(97;11890;1)(116;13640;1)],67,14,0,2,16,19,53.571429,12,2
8,[(2;1781;1)(23;2250;1)(35;2797;1)(27;3422;1)(6;4031;1)(39;4844;1)(55;5485;1)(67;6000;1)(62;6531;1)(50;7344;1)(90;7906;1)(90;8000;0)(96;8797;1)(119;9610;1)],50,13,1,0,10,19,85.714286,2,2
9,[(13;1938;1)(19;2875;1)(36;3516;1)(65;6234;1)(63;6609;1)(58;7578;1)(89;8188;1)(96;8969;1)(118;9609;1)(115;10141;1)(82;10750;1)(90;11281;1)(50;12063;1)(32;12578;1)],55,14,0,0,14,19,71.428571,13,4
10,[(6;1703;1)(23;2172;1)(0;2719;1)(29;5250;1)(69;7328;1)(57;7953;1)(64;8562;1)(52;9031;1)(81;10687;0)(92;11484;1)(81;11969;0)(84;12937;1)(96;14328;1)(117;14875;1)(81;16984;0)],48,12,3,0,18,19,35.714286,6,2
11,[(14;1828;1)(33;2282;1)(11;2891;1)(39;4047;1)(47;4500;1)(79;4938;1)(66;5547;1)(64;5985;1)(40;6532;1)(71;7125;1)(93;7532;1)(97;8016;1)(116;8485;1)(110;9250;1)],58,14,0,0,10,19,100.000000,14,3
12,[(39;2390;1)(27;2812;1)(6;3250;1)(2;3719;1)(23;4094;1)(35;4531;1)(55;5015;1)(62;5656;1)(50;6015;1)(90;6390;1)(113;7015;1)(96;7703;1)(67;8203;1)(119;8984;1)],50,14,0,0,10,18,100.000000,39,3
13,[(19;1234;1)(36;1719;1)(13;2266;1)(32;2672;1)(58;3453;1)(65;4000;1)(63;4375;1)(82;4750;1)(50;5313;1)(90;5781;1)(96;6438;1)(115;6844;1)(118;7297;1)(89;7734;1)],55,14,0,0,8,19,125.000000,19,3
14,[(6;1297;1)(23;2015;1)(0;2500;1)(28;4125;-1)(29;4828;1)(57;5344;1)(64;5797;1)(52;6250;1)(69;7000;1)(84;8000;1)(93;8453;-1)(92;8765;1)(80;9234;1)(96;10156;1)(117;11484;1)(113;12156;1)],68,14,0,2,14,19,61.224490,6,1
15,[(39;2125;1)(14;3375;1)(11;4031;1)(40;4578;1)(47;5796;1)(79;6812;1)(97;8218;1)(93;8968;1)(110;9484;1)(116;10343;1)(71;11187;1)(64;11796;1)(66;12312;1)(33;12906;1)],66,14,0,0,14,18,71.428571,39,5
16,[(2;3250;1)(6;4734;1)(19;6484;0)(27;7172;1)(39;7703;1)(35;8359;1)(56;9250;0)(55;9656;1)(67;10109;1)(62;11406;1)(50;11812;1)(90;15125;1)(113;16094;1)(119;16859;1)(96;17469;1)],47,13,2,0,19,17,41.353383,2,5
49


Sujeto 51
1,[(36;1515;1)(13;2468;1)(32;3281;1)(50;3781;1)(53;4375;-1)(63;4656;1)(82;5203;1)(90;5781;1)(115;6531;1)(96;7062;1)(118;7640;1)(79;8125;-1)(89;8437;1)(48;9015;-1)(58;9296;1)(65;9875;1)(19;11578;1)],57,14,0,3,19,19,41.353383,36,0
2,[(23;1953;1)(6;2828;1)(0;3563;1)(29;4391;1)(52;5531;1)(57;6094;1)(69;6484;1)(96;7188;1)(84;7672;1)(80;8234;1)(92;8703;1)(113;9719;1)(117;10516;1)(64;12328;1)],71,14,0,0,15,19,66.666667,23,4
3,[(11;1469;1)(14;1906;1)(33;3094;1)(40;3641;1)(71;4172;1)(110;4766;1)(93;5328;1)(116;5922;1)(97;6391;1)(79;6906;1)(66;7734;1)(64;8125;1)(47;8828;1)(39;9406;1)],50,14,0,0,13,19,76.923077,11,2
4,[(2;1547;1)(23;2297;1)(35;2734;1)(27;3500;1)(39;4734;1)(6;5734;1)(55;6656;1)(67;7031;1)(119;8047;1)(96;8641;1)(62;9234;1)(50;9750;1)(80;10344;-1)(90;10594;1)(113;11328;1)],58,14,0,1,13,19,71.428571,2,1
5,[(19;2406;1)(13;3765;1)(32;4265;1)(50;4875;1)(63;5390;1)(65;5812;1)(36;6594;1)(58;7125;1)(89;7625;1)(96;8203;1)(82;8781;1)(90;9297;1)(115;10406;1)(118;10953;1)],53,14,0,0,12,18,83.333333,19,3
6,[(6;1328;1)(23;2000;1)(0;2750;1)(29;3484;1)(52;4875;1)(64;5218;1)(80;6093;1)(84;6515;1)(92;6921;1)(113;7437;1)(96;8046;1)(117;8781;1)(68;9500;-1)(57;10000;1)(69;10531;1)],67,14,0,1,11,19,84.415584,6,2
7,[(14;1203;1)(11;1562;1)(40;2187;1)(33;2625;1)(64;3125;1)(71;3578;1)(66;4140;1)(93;4547;1)(110;5219;1)(116;5812;1)(97;6156;1)(79;6656;1)(39;7375;1)],53,13,0,0,10,19,92.857143,14,3
8,[(6;968;1)(2;1578;1)(23;1922;1)(35;2359;1)(27;2812;1)(39;3156;1)(55;3937;1)(51;4437;-1)(50;4734;1)(62;5109;1)(90;5640;1)(112;5984;-1)(113;6234;1)(96;6843;1)(67;7406;1)(119;8047;1)],56,14,0,2,8,20,107.142857,6,2
9,[(19;1093;1)(13;2562;1)(32;3265;1)(50;3640;1)(36;4234;1)(58;4640;1)(65;5031;1)(62;5406;0)(73;5687;-1)(63;6140;1)(82;6578;1)(90;7093;1)(115;7890;1)(96;8312;1)(118;8703;1)(89;9187;1)],55,14,1,1,9,19,95.238095,19,2
10,[(29;968;1)(6;1922;1)(64;4203;1)(94;4593;-1)(84;4906;1)(80;5484;1)(92;6203;1)(113;7078;1)(96;7703;1)(69;8375;1)(57;9093;1)(23;10656;1)(0;12062;1)(117;14906;1)],69,13,0,1,16,20,53.571429,29,1
11,[(39;1344;1)(14;1922;1)(11;2344;1)(33;2734;1)(40;3125;1)(64;3625;1)(71;4109;1)(110;4828;1)(93;5250;1)(116;5719;1)(97;6156;1)(66;6640;1)(79;7172;1)(47;8047;1)],59,14,0,0,9,19,111.111111,39,1
12,[(39;1297;1)(27;1828;1)(6;2187;1)(2;2719;1)(23;3922;1)(35;4312;1)(55;4844;1)(62;5375;1)(50;5750;1)(90;6234;1)(96;6891;1)(113;7281;1)(67;8000;1)(119;8672;1)],56,14,0,0,12,19,83.333333,39,3
13,[(19;1282;1)(13;1891;1)(32;2297;1)(36;3032;1)(50;3641;1)(63;4110;1)(82;4641;1)(100;5063;-1)(90;5360;1)(65;6032;1)(58;6797;1)(89;7360;1)(96;7922;1)(115;8407;1)(118;9000;1)],57,14,0,1,10,19,92.857143,19,3
14,[(6;1937;1)(23;2625;1)(29;4234;1)(57;4781;1)(96;5781;1)(64;6375;1)(52;6781;1)(84;7172;1)(92;7640;1)(80;8265;1)(113;8687;1)(117;9343;1)(0;10859;1)(69;11765;1)],83,14,0,0,13,19,76.923077,6,2
15,[(14;1375;1)(11;1891;1)(33;2281;1)(40;2766;1)(71;3141;1)(93;3625;1)(110;4250;1)(64;4797;1)(66;5484;1)(47;6094;1)(39;6625;1)(79;7172;1)(97;7656;1)(116;8328;1)],52,14,0,0,9,19,111.111111,14,3
16,[(39;1203;1)(55;2281;1)(23;2859;1)(50;3390;1)(62;3719;1)(90;4250;1)(113;4765;1)(96;5156;1)(119;5703;1)(67;6609;1)(35;7312;1)(6;8312;1)(2;8953;1)(27;9687;1)],67,14,0,0,12,19,83.333333,39,1
33


Sujeto 53
1,[(58;1860;1)(89;2922;1)(118;3813;1)(96;4438;1)(115;5219;1)(82;6000;1)(90;7188;1)(63;8125;1)(65;8954;1)(36;10266;1)(19;11266;1)(32;12719;1)(13;13344;1)(50;14344;1)],60,14,0,0,18,19,55.555556,58,1
2,[(84;2453;1)(64;3016;1)(23;3734;1)(0;4703;1)(6;6109;1)(29;7109;1)(69;8016;1)(57;9000;1)(117;9937;1)(113;10703;1)(80;11562;1)(92;12500;1)(96;13375;1)],53,13,0,0,15,18,61.904762,84,5
3,[(39;2047;1)(47;3094;1)(14;3969;1)(33;4719;1)(40;5328;1)(11;5969;1)(79;7625;1)(66;8813;1)(64;9297;1)(71;10047;1)(93;10953;1)(116;11531;1)(97;12563;1)(110;13594;1)],65,14,0,0,14,18,71.428571,39,1
4,[(39;1610;1)(27;2235;1)(6;3110;1)(35;4032;1)(55;4750;1)(23;5454;1)(2;6282;1)(50;7469;1)(62;8125;1)(96;8907;1)(119;10079;1)(113;11063;1)(90;12344;1)],53,13,0,0,14,19,66.326531,39,2
5,[(118;1985;1)(89;2703;1)(115;3516;1)(96;4141;1)(58;4844;1)(19;5703;1)(36;6453;1)(65;7078;1)(82;8250;1)(63;10578;1)(90;11469;1)(32;12391;1)(13;13438;1)],59,13,0,0,16,19,58.035714,118,0
6,[(6;1813;1)(29;2469;1)(0;3250;1)(23;3954;1)(52;4657;1)(64;5344;1)(57;6344;1)(69;7032;1)(96;7969;1)(84;8438;1)(92;9016;1)(80;9735;1)(113;10704;1)(117;11625;1)],60,14,0,0,13,19,76.923077,6,1
7,[(39;1875;1)(79;2641;1)(66;3484;1)(47;4297;1)(14;4844;1)(33;5484;1)(64;6047;1)(93;6594;1)(97;7453;1)(116;8109;1)(110;8969;1)(71;9563;1)(40;10125;1)(1;10781;-1)(11;11188;1)],54,14,0,1,12,19,77.380952,39,3
8,[(39;2156;1)(27;2906;1)(35;3375;1)(6;3844;1)(23;4313;1)(2;4781;1)(55;5938;1)(67;6547;1)(62;7359;1)(50;8000;1)(96;8984;1)(119;9891;1)(113;10734;1)(90;11266;1)],63,14,0,0,11,18,90.909091,39,2
9,[(19;2110;1)(58;2594;1)(36;3172;1)(13;4250;1)(32;4735;1)(50;5469;1)(63;5938;1)(65;6360;1)(96;7125;1)(89;7750;1)(118;8328;1)(115;8953;1)(82;9563;1)(90;10203;1)],51,14,0,0,11,18,90.909091,19,2
10,[(28;1406;-1)(29;2625;1)(69;3171;1)(57;3921;1)(96;4703;1)(117;5421;1)(113;6156;1)(92;6656;1)(80;7781;1)(84;8640;1)(64;9343;1)(52;9812;1)(0;10750;1)(23;11375;1)(6;12625;1)],51,14,0,1,13,19,71.428571,28,3
11,[(39;1375;1)(79;2250;1)(97;3063;1)(47;3782;1)(66;4766;1)(116;5329;1)(93;5813;1)(110;6313;1)(71;6891;1)(64;7485;1)(41;8204;-1)(33;8860;1)(40;9563;1)(11;10250;1)(14;10704;1)],55,14,0,1,13,19,71.428571,39,4
12,[(39;1782;1)(27;2766;1)(67;3422;1)(119;4141;1)(96;4797;1)(113;5594;1)(90;6063;1)(62;6829;1)(50;7282;1)(2;7907;1)(23;8375;1)(35;8891;1)(6;9641;1)(55;10891;1)],60,14,0,0,14,19,71.428571,39,1
13,[(36;1687;1)(57;2125;-1)(58;2640;1)(65;3297;1)(63;3750;1)(82;4218;1)(90;4672;1)(50;5203;1)(32;5859;1)(13;6656;1)(19;7703;1)(89;8468;1)(96;9203;1)(115;9765;1)(118;10250;1)],50,14,0,1,11,19,84.415584,36,4
14,[(29;1641;1)(69;2110;1)(57;2672;1)(96;3641;1)(84;4188;1)(117;4782;1)(113;5375;1)(80;6454;1)(92;7250;1)(23;8141;1)(6;8922;1)(52;9844;1)(64;10547;1)(0;11594;1)],69,14,0,0,13,19,76.923077,29,2
15,[(97;1296;1)(116;1937;1)(92;2593;-1)(93;3125;1)(110;4140;1)(71;4765;1)(64;5453;1)(66;6125;1)(79;7062;1)(39;8859;1)(33;10000;1)(40;10843;1)(14;11484;1)(11;12078;1)(47;13171;1)],61,14,0,1,14,19,66.326531,97,3
16,[(39;1797;1)(27;3078;1)(67;3703;1)(119;4578;1)(96;5188;1)(55;5938;1)(6;7344;1)(2;8563;1)(62;9313;1)(50;9828;1)(103;10703;-1)(113;11203;1)(90;12000;1)(35;15594;1)(23;16078;1)],71,14,0,1,18,19,51.587302,39,2
36
002
1,[(58;2062;1)(89;3062;1)(63;4203;1)(82;5547;1)(90;6203;1)(115;6828;1)(117;7390;-1)(118;7922;1)(19;8812;1)(36;9469;1)(32;10156;1)(13;10703;1)(50;11547;1)(65;12719;1)(96;13406;1)],68,14,0,1,15,18,61.904762,58,2
2,[(23;1766;1)(0;4391;1)(29;5250;1)(57;5891;1)(69;6422;1)(64;6969;1)(84;7563;1)(113;8313;1)(117;9000;1)(96;9719;1)(80;10594;1)(92;11157;1)(6;12860;1)(52;16547;1)],74,14,0,0,18,19,55.555556,23,2
3,[(11;2328;1)(14;2812;1)(39;3781;1)(47;4297;1)(33;5000;1)(41;5531;-1)(40;5797;1)(63;6422;-1)(64;6984;1)(66;7453;1)(79;8125;1)(71;9547;1)(93;10140;1)(97;11000;1)(116;11843;1)(110;13109;1)],59,14,0,2,14,18,61.224490,11,5
4,[(2;2422;1)(6;3172;1)(27;5625;1)(23;6485;1)(35;7454;1)(39;8250;1)(62;9625;1)(50;10594;1)(67;11704;1)(90;12641;1)(96;13250;1)(112;13907;-1)(113;14688;1)(119;15360;1)],66,13,0,1,16,18,53.571429,2,5
5,[(19;4500;1)(32;5343;1)(36;6000;1)(58;7000;1)(65;7718;1)(63;8312;1)(50;8921;1)(82;9703;1)(90;10703;1)(96;11640;1)(89;12218;1)(118;13640;1)(115;14453;1)],52,13,0,0,15,16,61.904762,19,4
6,[(6;2609;1)(23;4000;1)(0;4719;1)(29;5828;1)(58;6656;-1)(57;7016;1)(69;7797;1)(64;8703;1)(52;9312;1)(84;10141;1)(80;10766;1)(92;11406;1)(113;12047;1)(96;12828;1)(117;13578;1)],60,14,0,1,14,18,66.326531,6,2
7,[(14;2281;1)(11;3187;1)(39;5140;1)(33;5968;1)(64;6828;1)(66;7390;1)(47;8250;1)(40;8859;1)(71;9562;1)(79;10578;1)(97;11390;1)(93;12078;1)(110;12937;1)(116;13671;1)],66,14,0,0,14,18,71.428571,14,7
8,[(6;1218;1)(2;1859;1)(23;2515;1)(35;3031;1)(27;3859;1)(39;4484;1)(55;5625;1)(50;6578;1)(62;7093;1)(67;7875;1)(96;8703;1)(90;9328;1)(113;10078;1)(119;10781;1)],56,14,0,0,11,19,90.909091,6,5
9,[(19;1875;1)(13;2640;1)(32;3468;1)(36;4250;1)(58;4796;1)(65;5578;1)(50;6546;1)(63;7125;1)(82;7796;1)(89;8375;1)(96;8953;1)(90;9859;1)(115;10906;1)(118;11625;1)],61,14,0,0,12,19,83.333333,19,5
10,[(6;2406;1)(29;3250;1)(23;4078;1)(52;5313;1)(69;6938;1)(64;7672;1)(84;8219;1)(92;8953;1)(80;9563;1)(113;10141;1)(96;10703;1)(117;11359;1)],50,12,0,0,12,18,71.428571,6,2
11,[(39;2969;1)(66;4282;1)(64;4797;1)(13;5469;-1)(14;6141;1)(33;6641;1)(11;7235;1)(40;7828;1)(71;8344;1)(83;9016;-1)(93;9297;1)(110;9938;1)(116;10782;1)(105;11188;0)(97;12157;1)(79;12985;1)(47;14782;1)],55,14,1,2,15,18,52.380952,39,2
12,[(2;2500;1)(6;3125;1)(39;4531;1)(27;5172;1)(35;5860;1)(23;6641;1)(55;7625;1)(62;8344;1)(50;8860;1)(67;9469;1)(96;10641;1)(90;11469;1)(119;13125;1)(113;14078;1)],66,14,0,0,14,18,71.428571,2,3
13,[(13;1625;1)(19;2234;1)(36;2937;1)(32;3562;1)(58;4265;1)(65;4812;1)(63;5297;1)(50;5984;1)(82;6734;1)(90;7344;1)(96;8078;1)(115;8625;1)(118;9250;1)(89;9859;1)],57,14,0,0,10,19,100.000000,13,5
14,[(0;1610;1)(6;2485;1)(23;3594;1)(29;4531;1)(57;5188;1)(64;5797;1)(52;6235;1)(69;7235;1)(84;9235;1)(80;9797;1)(92;10375;1)(113;11156;1)(117;12031;1)(96;13656;1)],61,14,0,0,14,19,71.428571,0,4
15,[(11;1563;1)(14;2172;1)(33;3110;1)(38;3797;0)(38;4000;0)(47;4610;1)(39;5235;1)(79;6469;1)(66;7047;1)(64;7532;1)(71;8313;1)(93;9110;1)(97;9703;1)(110;11407;1)(116;12078;1)],51,13,2,0,13,19,60.439560,11,5
16,[(2;2031;1)(6;2750;1)(23;5156;1)(39;6359;1)(35;7078;1)(55;7875;1)(62;8734;1)(50;9406;1)(67;10687;1)(96;11453;1)(90;12125;1)(113;12734;1)(119;15156;1)(27;18594;1)],69,14,0,0,19,18,52.631579,2,4
62
002
1,[(19;1891;1)(36;2891;1)(13;3797;1)(32;4625;1)(50;5485;1)(63;6360;1)(82;7188;1)(90;8000;1)(115;9016;1)(118;9797;1)(96;10844;1)(89;12016;1)(65;12813;1)(58;13610;1)],55,14,0,0,18,19,55.555556,19,1
2,[(6;2625;1)(23;3266;1)(0;3985;1)(52;5172;1)(64;5797;1)(84;6453;1)(96;6969;1)(80;7891;1)(92;8422;1)(113;9344;1)(117;10110;1)(69;11219;1)(57;11797;1)(29;12735;1)],57,14,0,0,15,18,66.666667,6,2
3,[(14;1672;1)(11;2219;1)(33;2703;1)(40;3516;1)(47;4953;1)(39;6094;1)(79;6922;1)(66;7422;1)(64;8000;1)(71;9047;1)(93;9797;1)(110;10453;1)(116;12156;1)(97;13031;1)],53,14,0,0,14,19,71.428571,14,5
4,[(27;2203;1)(39;2844;1)(35;3328;1)(23;3813;1)(6;5016;1)(2;5875;1)(40;6735;-1)(50;6985;1)(62;7610;1)(55;8438;1)(67;9828;1)(90;10516;1)(113;11157;1)(119;12344;1)(96;13782;1)],62,14,0,1,14,18,66.326531,27,3
5,[(19;1578;1)(13;2750;1)(32;3594;1)(50;4172;1)(63;5000;1)(65;5609;1)(36;6406;1)(58;6891;1)(89;7391;1)(96;8125;1)(115;8703;1)(118;9297;1)(82;10625;1)(90;11063;1)],53,14,0,0,13,19,76.923077,19,3
6,[(6;2000;1)(23;2859;1)(0;3437;1)(64;4422;1)(84;5000;1)(52;5656;1)(92;6328;1)(80;7047;1)(113;7797;1)(116;8609;-1)(117;9094;1)(96;9797;1)(69;10703;1)(57;11359;1)(29;12125;1)],61,14,0,1,13,18,71.428571,6,3
7,[(14;1422;1)(11;1906;1)(40;2422;1)(64;3141;1)(32;3813;-1)(33;4500;1)(47;5422;1)(39;6109;1)(66;6938;1)(79;7984;1)(93;8938;1)(110;12750;1)(116;13484;1)(97;14047;1)],57,13,0,1,16,19,53.571429,14,2
8,[(2;1953;1)(23;2406;1)(35;2906;1)(6;3718;1)(27;4406;1)(39;5046;1)(55;5734;1)(62;6281;1)(50;6812;1)(90;7343;1)(112;7968;-1)(113;8250;1)(96;8953;1)(119;9843;1)(67;10765;1)],55,14,0,1,11,19,84.415584,2,1
9,[(19;1125;1)(36;1656;1)(13;2453;1)(50;3094;1)(90;3641;1)(63;4266;1)(65;4672;1)(58;5719;1)(32;6828;1)(89;8250;1)(96;8859;1)(118;9688;1)(115;10188;1)(82;11094;1)],70,14,0,0,13,19,76.923077,19,3
10,[(29;1781;1)(69;2438;1)(96;3016;1)(117;3578;1)(113;4234;1)(92;5016;1)(84;5766;1)(64;6422;1)(57;7125;1)(23;8469;1)(6;9031;1)(0;9719;1)(80;10469;1)],55,13,0,0,15,19,61.904762,29,4
11,[(14;1546;1)(10;2062;-1)(33;2687;1)(11;3265;1)(40;3906;1)(71;4515;1)(63;5125;-1)(93;5750;1)(110;6312;1)(64;7046;1)(116;8187;1)(97;8593;1)(79;9187;1)(66;10125;1)(47;10578;1)(39;11171;1)],57,14,0,2,12,19,71.428571,14,0
12,[(2;1219;1)(6;2047;1)(27;2984;1)(39;3594;1)(35;4094;1)(55;4781;1)(62;5312;1)(67;6187;1)(96;6906;1)(119;7547;1)(113;8297;1)(90;9234;1)(50;10047;1)(23;10656;1)],55,14,0,0,14,19,71.428571,2,5
13,[(19;1359;1)(13;2141;1)(36;2703;1)(31;3281;-1)(32;3797;1)(50;4375;1)(63;5234;1)(65;6219;1)(58;6859;1)(82;7578;1)(90;8000;1)(96;9078;1)(89;9766;1)(118;10313;1)(115;10797;1)(115;11359;0)],58,14,1,1,12,19,71.428571,19,5
14,[(6;1469;1)(0;2734;1)(23;3453;1)(29;4563;1)(57;5125;1)(52;5797;1)(64;6375;1)(69;7266;1)(84;8047;1)(96;8422;1)(92;8828;1)(70;9250;-1)(80;10297;1)(113;11359;1)(117;12016;1)],62,14,0,1,13,19,71.428571,6,6
15,[(14;1516;1)(11;2188;1)(33;3328;1)(40;3922;1)(47;4828;1)(66;5422;1)(64;5766;1)(71;6563;1)(93;7281;1)(97;8313;1)(79;8875;1)(116;9469;1)(110;10531;1)],52,13,0,0,13,19,71.428571,14,5
16,[(23;1594;1)(2;2109;1)(5;2969;0)(6;3562;1)(27;4187;1)(39;4656;1)(35;5234;1)(55;5953;1)(67;6453;1)(62;7156;1)(50;7672;1)(90;8266;1)(96;9453;1)(119;10437;1)(114;11266;-1)(113;11687;1)],51,14,1,1,13,19,65.934066,23,5
53
002
1,[(19;1406;1)(36;2297;1)(13;2906;1)(32;3812;1)(50;4640;1)(63;5172;1)(65;5578;1)(58;6234;1)(89;7468;1)(118;8234;1)(96;8703;1)(115;9625;1)(82;10328;1)(90;11172;1)],51,14,0,0,12,19,83.333333,19,1
2,[(6;1687;1)(29;2281;1)(69;3234;1)(57;3859;1)(64;4500;1)(84;5000;1)(52;5531;1)(96;6093;1)(117;6750;1)(113;7390;1)(92;8125;1)(80;8750;1)(23;10218;1)(0;11906;1)],58,14,0,0,13,19,76.923077,6,3
3,[(39;1156;1)(47;1656;1)(14;2375;1)(11;2859;1)(33;3563;1)(40;4203;1)(71;4719;1)(64;5281;1)(66;5750;1)(79;6297;1)(97;6859;1)(116;7531;1)(93;8125;1)(110;8813;1)],51,14,0,0,10,19,100.000000,39,2
4,[(39;1797;1)(27;2219;1)(35;2860;1)(23;3594;1)(2;4032;1)(6;4844;1)(67;5610;1)(55;6047;1)(96;6704;1)(119;7704;1)(113;8329;1)(90;9032;1)(62;9641;1)(50;10797;1)],55,14,0,0,12,19,83.333333,39,2
5,[(19;1313;1)(36;2078;1)(13;2891;1)(50;3719;1)(63;4500;1)(65;5453;1)(32;6266;1)(58;7047;1)(89;7563;1)(96;8032;1)(115;8672;1)(118;9563;1)(90;10453;1)(82;10860;1)],64,14,0,0,12,19,83.333333,19,2
6,[(29;1172;1)(6;1657;1)(0;2204;1)(23;2641;1)(52;3172;1)(64;3625;1)(57;4157;1)(69;4594;1)(96;5266;1)(84;5688;1)(92;6125;1)(80;6563;1)(113;7000;1)(117;7485;1)],55,14,0,0,8,19,125.000000,29,2
7,[(14;1250;1)(11;1719;1)(32;2062;-1)(33;2297;1)(40;3047;1)(47;3812;1)(39;4297;1)(66;4703;1)(64;5156;1)(71;5672;1)(79;6453;1)(97;6969;1)(116;7422;1)(92;8015;-1)(93;8890;1)],53,13,0,2,9,19,87.301587,14,4
8,[(39;890;1)(27;1203;1)(6;1656;1)(2;2359;1)(23;2906;1)(35;3265;1)(50;3921;1)(62;4437;1)(55;4968;1)(67;5375;1)(119;6296;1)(96;6796;1)(113;7265;1)(90;7765;1)],55,14,0,0,8,20,125.000000,39,1
9,[(19;1375;1)(36;1953;1)(13;2469;1)(32;2828;1)(50;3766;1)(63;4344;1)(65;4734;1)(58;5266;1)(89;5656;1)(118;6094;1)(96;6516;1)(115;6937;1)(91;7734;-1)(83;8266;-1)(90;9344;1)(82;10578;1)],52,14,0,2,11,19,77.922078,19,1
10,[(6;1438;1)(23;1891;1)(0;2266;1)(64;3110;1)(52;3563;1)(57;3985;1)(69;4735;1)(29;5281;1)(96;5953;1)(84;6469;1)(92;6906;1)(80;7531;1)(113;8031;1)(117;8547;1)],64,14,0,0,10,19,100.000000,6,3
11,[(39;1094;1)(14;1594;1)(11;2047;1)(33;2484;1)(64;4047;1)(41;4406;1)(66;5094;1)(47;5515;1)(79;6047;1)(97;6437;1)(116;6812;1)(93;7172;1)(110;7625;1)(71;8078;1)],60,14,0,0,9,19,111.111111,39,1
12,[(39;985;1)(6;1516;1)(22;1922;-1)(23;2422;1)(2;2860;1)(50;3485;1)(55;4032;1)(35;4485;1)(27;4907;1)(67;5485;1)(96;6032;1)(113;6563;1)(90;7141;1)(62;7797;1)(119;8719;1)],66,14,0,1,12,20,77.380952,39,2
13,[(19;1312;1)(36;1968;1)(13;2562;1)(32;2953;1)(50;3390;1)(63;4000;1)(65;4343;1)(57;4734;-1)(58;5062;1)(99;5625;-1)(89;5968;1)(96;6453;1)(82;7000;1)(90;7562;1)(115;8187;1)(118;8593;1)],53,14,0,2,9,19,95.238095,19,2
14,[(29;1141;1)(69;1625;1)(65;2297;1)(52;2704;1)(22;3250;0)(23;3579;1)(0;4110;1)(6;4969;1)(96;6563;1)(96;6719;0)(84;7344;1)(92;7891;1)(80;8532;1)(113;9047;1)(117;9532;1)],55,13,2,0,10,19,78.571429,29,3
15,[(39;1047;1)(14;1750;1)(11;2360;1)(40;2813;1)(33;3328;1)(47;3860;1)(79;4782;1)(66;5328;1)(64;5766;1)(71;6266;1)(110;6907;1)(93;7328;1)(116;7813;1)(97;8313;1)],56,14,0,0,9,19,111.111111,39,2
16,[(2;1656;1)(6;2187;1)(23;2797;1)(27;3547;1)(39;4031;1)(35;4781;1)(50;5609;1)(55;6437;1)(67;6906;1)(96;7843;1)(90;8593;1)(62;9125;1)(112;9672;-1)(119;10515;1)],62,13,0,1,11,19,77.922078,2,5
36
002
1,[(19;1313;1)(36;2391;1)(58;3016;1)(89;3547;1)(118;4313;1)(115;5078;1)(96;5625;1)(65;6188;1)(63;6578;1)(82;6953;0)(82;7297;1)(90;7875;1)(50;8407;1)(32;8844;1)(13;9657;1)],46,14,1,0,10,19,92.857143,19,3
2,[(29;1516;1)(48;1953;0)(48;2422;0)(48;3063;0)(57;3875;1)(69;4375;1)(15;5891;0)(6;6453;1)(23;7516;1)(0;8500;1)(81;9219;0)(92;9610;1)(80;11532;1)(84;12141;1)(96;12610;1)(117;13047;1)(113;13719;1)(64;14438;1)],61,13,5,0,15,19,38.095238,29,2
3,[(39;1500;1)(47;2032;1)(66;2563;1)(79;3407;1)(97;4047;1)(116;4657;1)(93;5125;1)(110;5782;1)(71;6422;1)(64;6969;1)(40;8141;1)(33;8594;1)(11;8985;1)(14;9407;1)],53,14,0,0,10,19,100.000000,39,1
4,[(39;1172;1)(27;1563;1)(6;2782;1)(2;3672;1)(23;4094;1)(63;4797;-1)(62;5157;1)(50;5797;1)(35;6422;1)(55;7079;1)(67;7579;1)(96;8204;1)(90;8860;1)(113;9438;1)(119;10250;1)],54,14,0,1,10,19,92.857143,39,4
5,[(19;1250;1)(58;2250;1)(89;2875;1)(118;3375;1)(115;4000;1)(96;4610;1)(65;5125;1)(82;5578;1)(91;5969;1)(63;6500;1)(50;7063;1)(32;7672;1)(13;8235;1)(36;9328;1)],51,14,0,0,11,19,90.909091,19,1
6,[(29;1078;1)(57;1500;1)(69;1969;1)(64;2547;1)(52;2938;1)(30;3407;0)(0;4032;1)(23;4875;1)(6;5563;1)(84;6438;1)(92;6813;1)(80;7203;1)(113;7703;1)(96;8188;1)(117;8766;1)],63,14,1,0,9,19,103.174603,29,1
7,[(39;922;1)(47;1313;1)(66;1672;1)(14;2125;1)(33;2469;1)(54;2813;-1)(64;3094;1)(11;3594;1)(40;3953;1)(71;4797;1)(110;5391;1)(93;5875;1)(115;6328;-1)(116;7328;1)(97;7797;1)(79;8391;1)],58,14,0,2,9,20,95.238095,39,0
8,[(39;1172;1)(27;1594;1)(6;2141;1)(35;2672;1)(23;3078;1)(2;3610;1)(50;4297;1)(90;4860;1)(62;5406;1)(113;6047;1)(55;6781;1)(96;7406;1)(67;8172;1)(119;8844;1)],62,14,0,0,9,19,111.111111,39,1
9,[(19;1031;1)(13;1938;1)(32;2563;1)(36;3391;1)(58;3875;1)(51;4797;1)(63;5344;1)(65;5860;1)(82;6453;1)(90;7047;1)(96;7766;1)(88;8266;-1)(89;8516;1)(118;9110;1)(115;9703;1)],54,14,0,1,10,19,92.857143,19,6
10,[(29;1125;1)(7;1719;1)(23;2266;1)(0;2766;1)(52;3578;1)(56;4328;-1)(57;4594;1)(63;5094;-1)(69;5688;1)(64;6344;1)(84;6797;1)(92;7282;1)(96;8157;1)(117;8547;1)(114;9172;1)],50,13,0,2,9,19,87.301587,29,4
11,[(39;1344;1)(14;2344;1)(33;2750;1)(11;3157;1)(40;3594;1)(47;5000;1)(64;5657;1)(66;5953;1)(79;6828;1)(97;7469;1)(93;8094;1)(71;8516;1)(110;9125;1)(116;9860;1)],59,14,0,0,10,19,100.000000,39,4
12,[(39;1016;1)(6;1797;1)(27;2172;1)(35;2610;1)(24;3125;1)(2;3594;1)(50;4782;1)(55;5438;1)(62;6016;1)(67;6657;1)(96;7203;1)(90;8063;1)(113;8641;1)(119;9641;1)],60,14,0,0,10,19,100.000000,39,4
13,[(19;891;1)(13;1625;1)(32;2188;1)(36;2641;1)(58;3204;1)(65;3719;1)(64;4094;-1)(63;4329;1)(50;4922;1)(90;5438;1)(82;5844;1)(115;6438;1)(96;6922;1)(89;7438;1)(118;8094;1)],51,14,0,1,8,20,116.071429,19,4
14,[(29;1438;1)(58;1969;-1)(57;2188;1)(6;2719;1)(23;3266;1)(0;3844;1)(52;4329;1)(64;4891;1)(84;5407;1)(80;6000;1)(92;6500;1)(113;7391;0)(113;8032;1)(117;8938;1)(96;9391;1)(69;9875;1)],56,14,1,1,10,19,85.714286,29,2
15,[(39;1329;1)(13;1907;-1)(14;2204;1)(11;2750;1)(33;3454;1)(40;3969;1)(47;4860;1)(66;5329;1)(64;5766;1)(71;6360;1)(79;7110;1)(97;7516;1)(93;8125;1)(110;9032;1)(116;9875;1)],61,14,0,1,10,19,92.857143,39,6
16,[(28;1062;0)(39;1359;1)(6;2187;1)(2;3093;1)(23;3703;1)(35;5265;1)(55;6359;1)(50;7250;1)(62;8062;1)(90;9125;1)(113;9906;1)(96;10609;1)(119;12250;1)(67;13500;1)],53,13,1,0,14,19,61.224490,28,2
45
002
1,[(19;1610;1)(58;2578;1)(89;3407;1)(118;4235;1)(115;5453;1)(96;6219;1)(82;7000;1)(90;7844;1)(50;8500;1)(32;9110;1)(13;10016;1)(36;10735;1)(65;13047;1)(63;13766;1)],49,14,0,0,15,19,66.666667,19,3
2,[(57;1797;1)(69;2281;1)(6;3797;1)(23;4359;1)(0;5515;1)(80;6422;1)(113;7656;1)(92;8281;1)(84;9015;1)(64;9718;1)(96;10765;1)(117;11734;1)(29;13484;1)(52;14250;1)],73,14,0,0,15,19,66.666667,57,2
3,[(14;1093;1)(11;1640;1)(40;2125;1)(33;2531;1)(64;3093;1)(71;3781;1)(110;4453;1)(93;5031;1)(116;6000;1)(97;6672;1)(79;7328;1)(66;7922;1)(47;8453;1)(39;9172;1)],51,14,0,0,10,19,100.000000,14,1
4,[(2;1312;1)(23;2156;1)(90;3422;1)(113;3937;1)(96;5422;1)(119;6062;1)(39;6969;1)(27;7672;1)(6;8375;1)(62;9125;1)(50;9750;1)(55;10578;1)(35;11219;1)(67;12500;1)],67,14,0,0,14,19,71.428571,2,2
5,[(58;1360;1)(65;1922;1)(63;2391;1)(82;2891;1)(90;3360;1)(115;4203;1)(118;5110;1)(89;6000;1)(19;6875;1)(13;7563;1)(32;8141;1)(50;8828;1)(36;10063;1)],54,13,0,0,13,19,71.428571,58,3
6,[(29;1140;1)(69;1609;1)(57;2093;1)(96;2750;1)(117;3250;1)(113;4031;1)(92;4484;1)(80;5062;1)(84;5609;1)(64;5984;1)(52;6359;1)(23;7140;1)(0;7718;1)(6;8765;1)],49,14,0,0,10,19,100.000000,29,4
7,[(39;1266;1)(66;2562;1)(48;3156;1)(79;3828;1)(97;5125;1)(64;6141;1)(71;6609;1)(110;7141;1)(40;7984;1)(33;8391;1)(10;8828;-1)(11;9125;1)(14;9719;1)(93;12141;1)],60,13,0,1,13,19,65.934066,39,2
8,[(6;985;1)(2;1438;1)(24;1766;1)(36;2141;-1)(35;2579;1)(27;3204;1)(39;4125;1)(55;4657;1)(68;5047;-1)(67;5329;1)(96;5766;1)(119;6454;1)(113;7282;1)(90;8172;1)(62;8750;1)(50;9235;1)],53,14,0,2,11,20,77.922078,6,2
9,[(19;1203;1)(32;2531;1)(50;3047;1)(91;3719;-1)(90;4047;1)(82;4594;1)(115;6031;1)(118;6672;1)(89;7266;1)(58;7969;1)(65;8547;1)(36;9110;1)(13;9938;1)],50,12,0,1,11,19,71.428571,19,2
10,[(29;1172;1)(69;1641;1)(69;1750;0)(117;2469;1)(113;3672;1)(92;4125;1)(80;4844;1)(0;5859;1)(23;6672;1)(6;7484;1)(64;8187;1)(83;8641;-1)(84;9469;1)(57;10375;1)],55,12,1,1,11,19,64.935065,29,4
11,[(14;953;1)(11;1750;1)(40;2484;1)(33;3203;1)(64;3797;1)(71;4297;1)(110;4875;1)(93;5515;1)(116;6281;1)(107;6750;1)(79;7703;1)(47;8218;1)(39;8797;1)],49,13,0,0,9,20,103.174603,14,1
12,[(39;1172;1)(27;1703;1)(6;2156;1)(2;3297;1)(23;3875;1)(50;4641;1)(90;5156;1)(62;6516;1)(67;7312;1)(55;7844;1)(35;8531;1)(96;10531;1)(113;11156;1)(119;11906;1)],56,14,0,0,12,19,83.333333,39,5
13,[(13;1000;1)(42;1375;-1)(32;2094;1)(50;2594;1)(90;3203;1)(82;3594;1)(63;4031;1)(65;4609;1)(115;5265;1)(96;5719;1)(118;6312;1)(89;6890;1)(58;7437;1)(35;7984;0)(19;8625;1)(36;9375;1)],49,14,1,1,10,19,85.714286,13,2
14,[(0;1000;1)(23;1641;1)(6;2329;1)(29;3047;1)(57;3532;1)(69;4094;1)(96;4735;1)(117;5297;1)(113;5938;1)(92;6532;1)(84;7079;1)(80;8250;1)(52;8860;1)],51,13,0,0,10,19,92.857143,0,2
15,[(14;1313;1)(11;1781;1)(40;2297;1)(33;2766;1)(64;3172;1)(79;5235;1)(110;6094;1)(116;7031;1)(97;7594;1)(39;8578;1)(47;9250;1)(71;10125;1)],63,12,0,0,11,19,77.922078,14,2
16,[(2;1406;1)(23;2031;1)(35;2516;1)(27;3234;1)(39;3984;1)(6;4453;1)(119;5250;1)(96;5922;1)(113;7187;1)(90;7812;1)(62;8469;1)(50;9000;1)(55;9891;1)],60,13,0,0,12,19,77.380952,2,1
38


Sujeto 67 creo
1,[(19;1563;1)(13;3078;1)(32;3719;1)(36;4578;1)(58;5250;1)(89;5860;1)(65;6485;1)(63;7282;1)(50;7782;1)(82;8782;1)(90;9516;1)(114;10516;-1)(115;11157;1)(96;11938;1)(118;12766;1)],55,14,0,1,14,19,66.326531,19,3
2,[(29;1672;1)(69;2360;1)(57;2891;1)(96;3985;1)(117;4453;1)(84;4938;1)(64;5563;1)(92;6328;1)(113;6828;1)(80;8094;1)(52;8860;1)(23;9735;1)(0;10407;1)(6;11485;1)],57,14,0,0,12,19,83.333333,29,3
3,[(39;1672;1)(47;2250;1)(79;2891;1)(97;4204;1)(116;5110;1)(93;5735;1)(110;6500;1)(71;7047;1)(64;7704;1)(66;8391;1)(33;9360;1)(40;10047;1)(10;10844;-1)(11;11625;1)(14;12204;1)],53,14,0,1,13,19,71.428571,39,2
4,[(39;1391;1)(27;1813;1)(6;2281;1)(35;2859;1)(23;3266;1)(2;3672;1)(55;4688;1)(50;5516;1)(62;5984;1)(90;6563;1)(113;7453;1)(96;8031;1)(119;8703;1)(67;9500;1)],59,14,0,0,10,19,100.000000,39,1
5,[(19;1109;1)(13;2890;1)(65;5422;1)(57;6297;-1)(58;6672;1)(89;7531;1)(36;8172;1)(96;9031;1)(118;9640;1)(115;10562;1)(90;11422;1)(50;12468;1)(32;14297;1)],57,12,0,1,15,19,52.380952,19,4
6,[(29;1391;1)(69;2063;1)(57;2532;1)(96;3125;1)(117;3579;1)(113;4391;1)(91;4813;-1)(92;5125;1)(84;5641;1)(64;6391;1)(80;7110;1)(52;7813;1)(23;8641;1)(6;9735;1)],47,13,0,1,10,19,85.714286,29,3
7,[(39;1328;1)(47;1906;1)(79;2484;1)(66;3250;1)(64;3796;1)(71;4500;1)(93;5125;1)(116;5781;1)(97;6328;1)(33;7125;1)(40;7703;1)(11;8343;1)(14;8984;1)],51,13,0,0,9,19,103.174603,39,2
8,[(39;1094;1)(27;1641;1)(6;2125;1)(2;2750;1)(33;3187;0)(23;3781;1)(35;4281;1)(55;4797;1)(67;5344;1)(96;6016;1)(119;6828;1)(113;7562;1)(90;8109;1)(62;8937;1)(50;9516;1)],49,14,1,0,10,19,92.857143,39,3
9,[(19;953;1)(36;1672;1)(58;2093;1)(89;2593;1)(118;3172;1)(96;3640;1)(115;4172;1)(82;4937;1)(90;5656;1)(50;6312;1)(63;6890;1)(65;7547;1)(32;8343;1)(13;9156;1)],52,14,0,0,10,20,100.000000,19,2
10,[(69;1563;1)(57;2125;1)(28;2735;-1)(29;3672;1)(6;4235;1)(23;4907;1)(0;5516;1)(52;6141;1)(64;6688;1)(81;7282;0)(80;7750;1)(92;8235;1)(84;8766;1)(113;9407;1)(117;10157;1)(96;10875;1)],56,14,1,1,11,19,77.922078,69,1
11,[(39;1188;1)(47;1688;1)(79;2297;1)(97;2938;1)(66;3438;1)(116;4125;1)(92;4703;-1)(93;5313;1)(110;5891;1)(71;6641;1)(64;7266;1)(40;7922;1)(33;8516;1)(11;9094;1)(14;9719;1)],57,14,0,1,10,19,92.857143,39,2
12,[(27;1953;1)(39;2391;1)(6;3157;1)(2;4125;1)(23;4703;1)(35;5172;1)(55;5657;1)(67;6297;1)(50;7172;1)(62;7641;1)(90;8813;1)(113;9469;1)(96;10172;1)(119;10797;1)],55,14,0,0,11,19,90.909091,27,2
13,[(19;1219;1)(36;1907;1)(13;2485;1)(42;3172;-1)(32;3500;1)(50;3954;1)(63;4610;1)(90;5313;1)(82;5782;1)(115;6407;1)(96;6922;1)(118;7532;1)(99;8125;-1)(58;8797;1)(89;9297;1)(65;10016;1)],59,14,0,2,11,19,77.922078,19,1
14,[(29;1047;1)(69;1672;1)(57;2234;1)(117;3000;1)(96;3390;1)(84;3797;1)(92;4359;1)(113;5031;1)(80;5672;1)(52;6203;1)(64;6687;1)(0;8390;1)(23;9781;1)(6;10547;1)],59,14,0,0,11,19,90.909091,29,2
15,[(39;1016;1)(79;1578;1)(66;2063;1)(97;2578;1)(116;3063;1)(93;3532;1)(110;4219;1)(71;4719;1)(64;5375;1)(40;6063;1)(33;6688;1)(11;7157;1)(14;7719;1)(47;8485;1)],57,14,0,0,9,19,111.111111,39,2
16,[(39;1594;1)(6;2156;1)(27;2703;1)(2;3359;1)(23;3969;1)(35;4453;1)(55;4984;1)(50;5984;1)(62;6531;1)(96;7625;1)(119;8703;1)(66;9594;-1)(67;9953;1)(90;11578;1)(113;12219;1)],66,14,0,1,14,19,66.326531,39,1
34


Sujet 75
1,[(19;1657;1)(36;2813;1)(58;4297;1)(89;5000;1)(118;5969;1)(115;6922;1)(96;7797;1)(65;9032;1)(13;10407;1)(32;11047;1)(63;11891;1)(82;12985;1)(90;13797;1)(50;14907;1)],51,14,0,0,17,19,58.823529,19,2
2,[(57;2250;1)(29;3078;1)(69;3797;1)(117;5031;1)(96;5813;1)(113;7313;1)(80;8500;1)(64;10641;1)(51;11516;-1)(52;12375;1)(6;13672;1)(23;14813;1)(0;15781;1)(84;18563;1)],70,13,0,1,19,18,45.112782,57,1
3,[(39;1828;1)(79;2578;1)(116;4797;1)(97;5469;1)(66;6188;1)(47;7281;1)(14;8703;1)(64;9984;1)(93;10750;1)(110;11922;1)(71;12766;1)(11;14078;1)(40;15109;1)(33;16109;1)],60,14,0,0,17,19,58.823529,39,3
4,[(6;2344;1)(27;3531;1)(39;4328;1)(2;5328;1)(23;6203;1)(35;7062;1)(55;7781;1)(96;8781;1)(67;9609;1)(119;11000;1)(113;11750;1)(90;12562;1)(50;13453;1)(62;17094;1)],58,14,0,0,19,18,52.631579,6,3
5,[(19;2250;1)(13;3687;1)(32;4546;1)(36;5906;1)(58;7265;1)(65;8015;1)(63;8953;1)(50;9890;1)(90;11187;1)(82;12140;1)(89;13328;1)(118;14578;1)(115;16640;1)],48,13,0,0,17,18,54.621849,19,6
6,[(6;2750;1)(23;3437;1)(29;4359;1)(56;5031;-1)(57;5437;1)(69;6109;1)(64;6843;1)(52;7406;1)(96;9125;1)(117;10187;1)(84;10968;1)(92;12156;1)(80;12718;1)(113;16796;1)(0;20515;1)],70,14,0,1,22,18,42.207792,6,2
7,[(39;2016;1)(47;2610;1)(97;4375;1)(66;5781;1)(116;6641;1)(64;7328;1)(33;8266;1)(14;8891;1)(11;9594;1)(40;10328;1)(71;10985;1)(110;11938;1)(93;12594;1)(79;13500;1)],60,14,0,0,15,18,66.666667,39,3
8,[(38;1484;-1)(6;2391;1)(27;3078;1)(39;3781;1)(35;4688;1)(23;5469;1)(2;6109;1)(50;7141;1)(62;7938;1)(90;8688;1)(113;9406;1)(96;10219;1)(119;11094;1)(67;12359;1)(55;13109;1)],56,14,0,1,14,19,66.326531,38,1
9,[(19;1781;1)(36;2422;1)(13;3188;1)(32;3860;1)(50;4531;1)(63;5125;1)(65;5641;1)(58;6219;1)(89;6906;1)(96;7625;1)(118;8235;1)(115;9516;1)(82;10594;1)(90;11375;1)],51,14,0,0,14,19,71.428571,19,2
10,[(6;1937;1)(29;2484;1)(0;3218;1)(23;4062;1)(64;6328;1)(52;6906;1)(69;9781;1)(57;10375;1)(96;12687;1)(84;13296;1)(80;14296;1)(113;15203;1)(117;16359;1)],62,13,0,0,21,19,44.217687,6,2
11,[(14;1797;1)(11;2437;1)(40;3125;1)(33;3703;1)(64;4312;1)(66;4797;1)(71;5594;1)(93;6281;1)(110;7078;1)(116;8094;1)(97;8703;1)(79;9391;1)(47;10094;1)(39;10672;1)],53,14,0,0,11,19,90.909091,14,3
12,[(2;1766;1)(6;2469;1)(23;3282;1)(27;4141;1)(39;4672;1)(35;5407;1)(55;6000;1)(50;6969;1)(62;7500;1)(67;8250;1)(96;9516;1)(119;10219;1)(90;11016;1)(113;11641;1)],60,14,0,0,16,19,62.500000,2,5
13,[(13;1797;1)(36;2438;1)(19;3688;1)(58;4344;1)(89;4938;1)(96;5547;1)(118;6110;1)(114;7110;-1)(115;8157;1)(65;9000;1)(63;9563;1)(82;10250;1)(90;10969;1)(50;11704;1)(32;12829;1)],51,14,0,1,14,19,66.326531,13,3
14,[(6;1344;1)(29;2250;1)(23;2953;1)(0;3562;1)(52;4453;1)(64;4984;1)(57;5703;1)(69;6328;1)(96;7297;1)(117;7812;1)(84;8375;1)(92;8953;1)(113;9453;1)(80;10312;1)],60,14,0,0,16,19,62.500000,6,1
15,[(39;1391;1)(79;2047;1)(97;2844;1)(116;3485;1)(66;4329;1)(47;5032;1)(14;6610;1)(64;7422;1)(93;8157;1)(71;8688;1)(11;10047;1)(110;10969;1)(33;12454;1)(40;13172;1)],70,14,0,0,15,19,66.666667,39,4
16,[(6;1469;1)(2;2172;1)(39;3031;1)(27;3609;1)(35;4266;1)(23;4875;1)(50;6047;1)(62;6781;1)(55;7422;1)(67;8094;1)(96;9125;1)(119;9938;1)(113;11016;1)],54,13,0,0,17,19,54.621849,6,2
43
002
1,[(19;1469;1)(13;5047;1)(50;5907;1)(32;6672;1)(26;7719;0)(36;8391;1)(58;10391;1)(89;11313;1)(118;12329;1)(115;13282;1)(96;14219;1)(82;15172;1)(63;15860;1)(65;16719;1)(90;17688;1)],57,14,1,0,21,19,44.217687,19,4
2,[(23;1656;1)(0;2609;1)(15;3437;0)(6;5141;1)(29;6234;1)(69;7594;1)(57;8297;1)(64;9125;1)(52;9812;1)(80;11141;1)(92;12562;1)(84;13297;1)(117;14953;1)(96;15781;1)(113;17062;1)],55,14,1,0,20,19,46.428571,23,2
3,[(14;1563;1)(11;2344;1)(33;3282;1)(40;4016;1)(71;4703;1)(93;5344;1)(64;6063;1)(66;6703;1)(47;8078;1)(39;9203;1)(79;10782;1)(97;11641;1)(110;13141;1)(116;14485;1)],54,14,0,0,15,19,66.666667,14,4
4,[(2;1953;1)(23;2719;1)(6;3437;1)(27;4031;1)(39;4750;1)(35;5672;1)(67;7828;1)(62;8750;1)(50;9391;1)(90;10156;1)(55;11141;1)(113;12312;1)(96;12984;1)(119;13812;1)],62,14,0,0,15,19,66.666667,2,3
5,[(13;1813;1)(32;2500;1)(50;3219;1)(82;4297;1)(90;4953;1)(115;7266;1)(118;8063;1)(89;8781;1)(58;9828;1)(19;11328;1)(36;12203;1)(63;14125;1)(65;14813;1)(96;15891;1)],55,14,0,0,20,19,50.000000,13,2
6,[(29;2016;1)(6;2781;1)(0;3578;1)(23;5000;1)(52;6078;1)(64;6797;1)(57;7406;1)(69;7953;1)(96;9047;1)(84;9672;1)(92;10344;1)(80;11078;1)(113;11969;1)(117;12750;1)],55,14,0,0,13,18,76.923077,29,2
7,[(14;1797;1)(11;2594;1)(40;3453;1)(71;4234;1)(33;5156;1)(66;5891;1)(64;6422;1)(47;7094;1)(39;7688;1)(79;11266;1)(116;12203;1)(93;12938;1)(97;13797;1)(110;14547;1)],62,14,0,0,16,19,62.500000,14,4
8,[(6;1375;1)(2;2140;1)(23;2968;1)(35;3656;1)(27;4187;1)(39;4750;1)(55;5578;1)(67;6265;1)(96;7234;1)(50;8125;1)(62;8765;1)(90;9531;1)(113;10609;1)(119;12546;1)],58,14,0,0,14,19,71.428571,6,2
9,[(19;2485;1)(36;3391;1)(32;4672;1)(50;5391;1)(90;6078;1)(82;7344;1)(63;7860;1)(65;8360;1)(58;9000;1)(89;9656;1)(96;10375;1)(118;11031;1)(115;11860;1)(13;13735;1)],56,14,0,0,19,18,52.631579,19,4
10,[(29;1938;1)(6;2625;1)(23;3250;1)(0;3953;1)(52;5078;1)(64;5766;1)(57;6469;1)(69;7063;1)(96;7875;1)(84;8406;1)(117;9156;1)(113;9875;1)(92;11156;1)(80;12047;1)],57,14,0,0,17,19,58.823529,29,1
11,[(14;1610;1)(11;2282;1)(33;3063;1)(40;3657;1)(64;4469;1)(66;4953;1)(71;5657;1)(93;6282;1)(110;7016;1)(116;7766;1)(97;8297;1)(79;9047;1)(39;9969;1)(47;10813;1)],54,14,0,0,13,19,76.923077,14,4
12,[(19;1313;0)(6;2250;1)(27;3235;1)(39;4313;1)(35;5078;1)(23;5672;1)(2;6375;1)(50;7078;1)(62;8422;1)(55;9063;1)(67;9547;1)(96;10172;1)(90;10969;1)(113;11641;1)(119;12391;1)],54,14,1,0,16,19,58.035714,19,3
13,[(19;1391;1)(13;2250;1)(32;2812;1)(36;3453;1)(58;4062;1)(89;4687;1)(118;5469;1)(96;6187;1)(65;6812;1)(63;7406;1)(50;8047;1)(82;8703;1)(90;9359;1)(115;10375;1)],54,14,0,0,12,19,83.333333,19,3
14,[(0;1968;1)(6;3375;1)(23;3968;1)(64;4531;1)(52;5156;1)(57;5765;1)(69;6312;1)(29;7375;1)(84;8531;1)(80;9312;1)(92;9890;1)(113;10671;1)(117;12343;1)(96;13281;1)],59,14,0,0,15,19,66.666667,0,5
15,[(14;1391;1)(11;1922;1)(33;2516;1)(40;3172;1)(64;3859;1)(66;4344;1)(39;5125;1)(79;6203;1)(97;7234;1)(116;7688;1)(93;8438;1)(71;9031;1)(110;9828;1)(47;11641;1)],64,14,0,0,13,19,76.923077,14,3
16,[(39;1906;1)(27;2390;1)(6;3093;1)(2;3843;1)(23;4328;1)(35;4859;1)(50;5703;1)(62;6296;1)(96;7203;1)(90;8046;1)(113;8687;1)(119;9390;1)(67;11000;1)(55;11703;1)],60,14,0,0,16,19,62.500000,39,3
49
002
1,[(19;1563;1)(89;2500;1)(96;3313;1)(115;3969;1)(118;4906;1)(82;7672;1)(63;8344;1)(90;9094;1)(50;9813;1)(32;10438;1)(13;11219;1)(36;12078;1)(65;12719;1)(58;13485;1)],59,14,0,0,17,19,58.823529,19,3
2,[(6;2672;1)(0;3531;1)(23;5500;1)(57;6344;1)(69;7062;1)(64;7969;1)(80;9891;1)(52;10594;1)(84;11281;1)(96;11937;1)(117;12781;1)(113;14125;1)(92;14828;1)],55,13,0,0,16,18,58.035714,6,3
3,[(14;1344;1)(11;2062;1)(33;2750;1)(40;3359;1)(64;4062;1)(66;4719;1)(47;5578;1)(39;6328;1)(79;7000;1)(97;7953;1)(116;8562;1)(93;9281;1)(71;9906;1)(110;10531;1)],50,14,0,0,12,19,83.333333,14,3
4,[(39;1625;1)(27;2297;1)(6;3250;1)(2;4250;1)(23;4985;1)(35;5657;1)(55;6485;1)(63;7282;1)(50;8000;1)(96;8891;1)(114;10578;1)(90;11328;1)(119;12125;1)(67;13313;1)],63,14,0,0,15,19,66.666667,39,2
5,[(19;2078;1)(13;3047;1)(32;3672;1)(36;4359;1)(58;5156;1)(89;6047;1)(96;6890;1)(115;7687;1)(118;8515;1)(82;9328;1)(90;10078;1)(50;10969;1)(63;11656;1)(65;12515;1)],53,14,0,0,14,18,71.428571,19,5
6,[(6;1484;1)(15;1891;0)(15;2359;0)(23;3141;1)(0;3875;1)(29;4594;1)(69;5234;1)(57;5875;1)(64;6563;1)(52;7219;1)(84;7844;1)(96;8500;1)(113;9172;1)(117;9766;1)(92;10453;1)(80;11125;1)],62,14,2,0,13,19,65.934066,6,2
7,[(14;1422;1)(12;1984;-1)(11;2297;1)(33;2781;1)(40;3328;1)(110;4344;1)(116;5281;1)(97;5984;1)(66;6641;1)(65;7219;-1)(64;7516;1)(71;8125;1)(47;8797;1)(39;9562;1)(79;10156;1)(93;11125;1)],61,14,0,2,13,19,65.934066,14,4
8,[(39;1172;1)(27;1844;1)(6;2516;1)(2;3250;1)(23;3891;1)(35;4531;1)(55;5109;1)(67;5641;1)(62;6422;1)(50;7344;1)(90;7969;1)(113;8984;1)(96;9625;1)(119;10516;1)],48,14,0,0,11,19,90.909091,39,4
9,[(19;1109;1)(36;1875;1)(58;2469;1)(13;3312;1)(32;3859;1)(50;4500;1)(63;5094;1)(82;5750;1)(90;6422;1)(65;7312;1)(96;7953;1)(115;8531;1)(118;9140;1)(89;9875;1)],57,14,0,0,11,19,90.909091,19,1
10,[(29;2094;1)(0;2938;1)(23;3657;1)(52;4313;1)(56;4875;-1)(57;5797;1)(6;6625;1)(69;7625;1)(96;8532;1)(117;9157;1)(84;9922;1)(113;10657;1)(92;11407;1)(80;12157;1)(64;13047;1)],71,14,0,1,14,18,66.326531,29,1
11,[(39;1266;1)(47;2141;1)(79;2875;1)(97;3579;1)(116;4313;1)(93;5172;1)(71;5938;1)(110;6829;1)(65;7579;-1)(66;8125;1)(64;8766;1)(14;10313;1)(33;10844;1)(40;11563;1)(11;12344;1)],58,14,0,1,14,19,66.326531,39,1
12,[(39;1141;1)(27;1891;1)(6;2469;1)(2;3281;1)(23;3750;1)(35;4344;1)(67;5203;1)(55;5750;1)(62;6422;1)(50;7031;1)(96;8094;1)(119;8922;1)(93;9688;0)(93;10234;0)(90;10906;1)(114;11516;1)],63,14,2,0,14,19,61.224490,39,1
13,[(19;1063;1)(36;1735;1)(58;2203;1)(89;2719;1)(118;3235;1)(115;3953;1)(96;4469;1)(65;5063;1)(63;5547;1)(82;6094;1)(90;6672;1)(42;7375;-1)(32;7657;1)(23;8203;-1)(13;8578;1)(50;9594;1)],53,14,0,2,11,19,77.922078,19,2
14,[(6;1375;1)(29;1968;1)(57;2687;1)(69;3296;1)(96;4093;1)(117;4828;1)(92;5625;1)(84;6171;1)(64;6781;1)(80;7500;1)(52;8156;1)(23;8921;1)(0;9812;1)(113;12765;1)],68,14,0,0,14,19,71.428571,6,1
15,[(39;1953;1)(47;2906;1)(33;3859;1)(11;4781;1)(40;5531;1)(71;6578;1)(110;7250;1)(93;7891;1)(116;8609;1)(97;9313;1)(79;10313;1)(66;11047;1)(64;11859;1)(14;13031;1)],53,14,0,0,15,19,66.666667,39,1
16,[(39;1625;1)(6;2734;1)(27;5015;1)(35;6594;1)(23;7359;1)(2;8250;1)(50;9656;1)(62;10406;1)(113;11312;1)(90;12203;1)(96;13078;1)(119;14000;1)(67;14797;1)(55;15687;1)],60,14,0,0,19,19,52.631579,39,1
35
002
1,[(58;2547;1)(82;3750;1)(90;4563;1)(89;6188;1)(13;7422;1)(19;8375;1)(50;9734;1)(63;10484;1)(65;11141;1)(36;11750;1)(32;12469;1)(118;14188;1)(115;15047;1)(96;15703;1)],88,14,0,0,17,18,58.823529,58,4
2,[(0;3938;1)(23;5141;1)(52;5985;1)(64;6500;1)(84;7094;1)(96;7703;1)(117;8235;1)(69;9157;1)(57;9750;1)(6;10844;1)(80;11844;1)(92;12391;1)(113;12969;1)],56,13,0,0,16,17,58.035714,0,1
3,[(14;1968;1)(11;2687;1)(33;3437;1)(47;4203;1)(39;4734;1)(79;5640;1)(66;6390;1)(64;6953;1)(93;7703;1)(97;8562;1)(116;9359;1)(71;10062;1)(40;10656;1)(110;11890;1)],56,14,0,0,14,19,71.428571,14,5
4,[(39;1984;1)(27;2765;1)(35;3531;1)(23;4172;1)(67;4937;1)(96;5890;1)(119;6609;1)(113;7828;1)(90;8515;1)(50;9140;1)(62;9765;1)(55;12828;1)],48,12,0,0,14,19,61.224490,39,2
5,[(36;2406;1)(32;3219;1)(19;4500;1)(58;5328;1)(89;5969;1)(118;6781;1)(115;7360;1)(82;8047;1)(90;8563;1)(63;9188;1)(65;9563;1)(50;10328;1)],52,12,0,0,12,18,71.428571,36,3
6,[(29;2188;1)(23;3234;1)(6;3781;1)(0;4563;1)(52;5297;1)(64;5781;1)(84;6234;1)(57;7047;1)(69;7672;1)(96;8391;1)(117;9094;1)(113;9906;1)(82;10359;-1)(92;11063;1)(80;11781;1)],57,14,0,1,14,18,66.326531,29,4
7,[(39;2016;1)(14;2703;1)(11;3328;1)(33;3828;1)(40;4500;1)(64;5000;1)(66;5391;1)(79;6094;1)(97;6719;1)(116;7391;1)(93;8000;1)(71;8688;1)(110;9735;1)(47;11453;1)],65,14,0,0,12,18,83.333333,39,2
8,[(39;1500;1)(6;2250;1)(2;2907;1)(23;3407;1)(35;3875;1)(27;4344;1)(67;5141;1)(55;6079;1)(62;6672;1)(50;7141;1)(90;7860;1)(96;9141;1)(119;9954;1)(113;11188;1)],54,14,0,0,12,19,83.333333,39,4
9,[(58;1891;1)(89;2469;1)(19;3344;1)(36;4157;1)(32;5000;1)(50;6485;1)(13;7516;1)(63;8766;1)(115;10204;1)(118;10891;1)(90;13329;1)(82;14204;1)(65;14907;1)],64,13,0,0,16,19,58.035714,58,4
10,[(29;1938;1)(57;2610;1)(69;3219;1)(96;4000;1)(117;4907;1)(23;5954;1)(0;6563;1)(52;7797;1)(64;8985;1)(84;9532;1)(92;9985;1)(113;11157;1)(80;11891;1)(6;13469;1)],73,14,0,0,14,19,71.428571,29,1
11,[(39;1953;1)(40;2985;1)(64;3547;1)(66;3969;1)(79;4625;1)(97;5172;1)(116;5657;1)(71;6735;1)(93;7438;1)(14;8313;1)(11;8860;1)],54,11,0,0,11,19,71.428571,39,2
12,[(39;1500;1)(27;2062;1)(6;2562;1)(2;3047;1)(23;3687;1)(35;4234;1)(55;4734;1)(67;5218;1)(96;6093;1)(119;6984;1)(113;7797;1)(90;8297;1)(62;8953;1)(50;9515;1)],49,14,0,0,12,19,83.333333,39,3
13,[(19;1516;1)(13;2469;1)(32;2907;1)(36;3516;1)(59;4141;-1)(58;4532;1)(89;5266;1)(65;5797;1)(63;6219;1)(50;6844;1)(90;8313;1)(82;9078;1)(118;10328;1)(115;10969;1)(96;11594;1)],55,14,0,1,13,19,71.428571,19,5
14,[(29;1703;1)(6;2297;1)(0;3156;1)(52;4188;1)(64;4750;1)(84;5500;1)(96;6047;1)(117;6531;1)(92;7406;1)(113;8110;1)(80;9078;1)(57;10125;1)(69;10813;1)(23;12906;1)],68,14,0,0,13,19,76.923077,29,2
15,[(39;1265;1)(79;1937;1)(97;2531;1)(116;3296;1)(14;4453;1)(11;4937;1)(33;5484;1)(47;6281;1)(66;6734;1)(64;7609;1)(40;8765;1)(93;9750;1)(71;10406;1)],58,13,0,0,12,19,77.380952,39,3
16,[(39;1969;1)(6;2516;1)(2;3360;1)(27;4000;1)(96;5125;1)(119;6188;1)(113;7110;1)(55;8313;1)(35;8844;1)(23;9391;1)(50;10438;1)(62;11125;1)(90;12578;1)],63,13,0,0,15,19,61.904762,39,3
48
002
1,[(19;2312;1)(13;4516;1)(36;5750;1)(58;6641;1)(89;7484;1)(96;8406;1)(63;9234;1)(65;9797;1)(50;10734;1)(90;11625;1)(82;12453;1)(115;13547;1)(118;14656;1)(32;18781;1)],67,14,0,0,22,18,45.454545,19,4
2,[(29;2719;1)(6;3704;1)(23;4375;1)(0;5110;1)(80;6735;1)(64;7516;1)(57;8313;1)(69;9079;1)(96;9829;1)(117;10454;1)(92;11563;1)(84;12250;1)(113;12907;1)(52;14172;1)],66,14,0,0,17,18,58.823529,29,1
3,[(39;1672;1)(47;2500;1)(14;3187;1)(11;3890;1)(33;4593;1)(40;5203;1)(64;5890;1)(66;6359;1)(79;7422;1)(71;8640;1)(97;9750;1)(93;10468;1)(110;11203;1)(116;12078;1)],63,14,0,0,15,19,66.666667,39,5
4,[(6;2156;1)(39;2843;1)(27;3375;1)(35;3968;1)(23;4578;1)(2;5375;1)(50;7015;1)(62;7640;1)(55;8359;1)(67;8937;1)(96;9750;1)(119;10640;1)(112;11437;-1)(113;11843;1)(90;12500;1)],55,14,0,1,14,18,66.326531,6,1
5,[(19;1297;1)(13;3141;1)(32;3844;1)(50;4594;1)(63;5156;1)(82;5734;1)(90;6359;1)(115;7078;1)(96;7766;1)(118;8422;1)(89;9016;1)(58;9672;1)(36;10437;1)(65;11797;1)],53,14,0,0,14,19,71.428571,19,1
6,[(29;1390;1)(6;2140;1)(0;2984;1)(23;3609;1)(52;4156;1)(64;4640;1)(84;5140;1)(92;5765;1)(80;6375;1)(113;6968;1)(96;7937;1)(117;8515;1)(57;9281;1)(69;9843;1)],54,14,0,0,12,19,83.333333,29,3
7,[(39;1515;1)(47;2281;1)(14;3250;1)(11;3843;1)(33;4484;1)(64;5078;1)(66;5796;1)(71;6578;1)(93;7140;1)(116;8031;1)(79;8750;1)(97;9375;1)(110;12015;1)(40;12906;1)],64,14,0,0,14,19,71.428571,39,3
8,[(39;1500;1)(27;2015;1)(6;2531;1)(35;3093;1)(23;3687;1)(2;4234;1)(50;5062;1)(62;5547;1)(55;6468;1)(67;7078;1)(96;7828;1)(113;8547;1)(90;9250;1)(119;10234;1)],58,14,0,0,11,19,90.909091,39,0
9,[(19;797;1)(58;1875;1)(89;2531;1)(118;3391;1)(115;4266;1)(96;4844;1)(65;5516;1)(63;6016;1)(90;7406;1)(82;8047;1)(50;9063;1)(32;9734;1)(13;10469;1)(36;11531;1)],51,14,0,0,14,20,71.428571,19,2
10,[(29;1657;1)(6;3235;1)(23;3985;1)(0;4938;1)(52;5875;1)(64;6469;1)(57;7016;1)(69;7594;1)(96;8313;1)(84;8829;1)(92;9407;1)(80;9891;1)(113;10922;1)(117;11625;1)],57,14,0,0,13,19,76.923077,29,1
11,[(39;1328;1)(47;1906;1)(79;2703;1)(97;3343;1)(66;3968;1)(116;4718;1)(93;5343;1)(64;5921;1)(71;6500;1)(40;7015;1)(33;7437;1)(11;8015;1)(14;8578;1)(110;11406;1)],63,14,0,0,12,19,83.333333,39,2
12,[(39;1375;1)(27;1954;1)(6;2422;1)(2;3125;1)(23;3766;1)(35;4829;1)(55;5344;1)(50;6000;1)(62;6422;1)(67;7016;1)(96;7750;1)(90;8719;1)(113;9282;1)(119;10000;1)],52,14,0,0,13,19,76.923077,39,5
13,[(19;1438;1)(13;2375;1)(32;2891;1)(36;3485;1)(58;4125;1)(65;4704;1)(63;5188;1)(50;5922;1)(82;6532;1)(100;7079;-1)(90;7438;1)(96;8688;1)(89;9391;1)(118;10063;1)(115;10641;1)],52,14,0,1,12,19,77.380952,19,5
14,[(29;1172;1)(6;2094;1)(23;2625;1)(0;3828;1)(52;4672;1)(64;5328;1)(57;5844;1)(69;7063;1)(84;8594;1)(92;9438;1)(80;9938;1)(96;11516;1)(117;12688;1)(113;13500;1)],59,14,0,0,16,19,62.500000,29,1
15,[(39;1250;1)(14;2250;1)(11;2859;1)(33;3375;1)(40;4125;1)(71;5359;1)(64;6281;1)(47;7219;1)(66;8312;1)(79;9187;1)(97;10469;1)(93;12641;1)(110;13641;1)(116;14391;1)],57,14,0,0,15,19,66.666667,39,3
16,[(39;1375;1)(27;1922;1)(6;2454;1)(2;3204;1)(23;4000;1)(35;4657;1)(55;5579;1)(50;6188;1)(62;6704;1)(67;7500;1)(119;8500;1)(96;9266;1)(90;10547;1)(113;11125;1)],54,14,0,0,13,19,76.923077,39,4
41
002
1,[(58;2969;1)(19;4203;1)(36;5047;1)(13;5875;1)(32;7078;1)(50;8344;1)(82;13422;1)(90;14109;1)(63;14797;1)(65;15672;1)(96;17062;1)(89;18047;1)(118;19547;1)(115;20469;1)],53,14,0,0,25,18,40.000000,58,2
2,[(23;3062;1)(0;4046;1)(80;5453;1)(113;6609;1)(92;7437;1)(84;8218;1)(64;8781;1)(96;9828;1)(117;10484;1)(69;11484;1)(29;12375;1)(6;13156;1)(57;14046;1)(52;14812;1)],62,14,0,0,19,17,52.631579,23,4
3,[(14;1703;1)(33;2578;1)(11;3203;1)(40;3875;1)(71;4609;1)(110;5390;1)(93;6140;1)(116;6875;1)(97;8015;1)(79;9046;1)(66;9593;1)(64;9984;1)(47;11203;1)(39;14484;1)],51,14,0,0,16,19,62.500000,14,1
4,[(5;2062;0)(6;2562;1)(2;5547;1)(23;6468;1)(50;7359;1)(62;8265;1)(90;8984;1)(113;9656;1)(96;10297;1)(119;11250;1)(67;12343;1)(55;13031;1)(35;13734;1)(27;14562;1)(39;15093;1)],54,14,1,0,17,18,54.621849,5,2
5,[(31;3484;-1)(43;3906;-1)(32;4484;1)(13;5281;1)(50;6000;1)(63;7125;1)(82;8000;1)(90;8562;1)(115;9781;1)(96;10390;1)(118;11015;1)(89;11890;1)(58;12437;1)(65;13203;1)(36;13734;1)(19;14500;1)],55,14,0,2,16,17,53.571429,31,0
6,[(6;1719;1)(29;2719;1)(69;3313;1)(96;3969;1)(117;4500;1)(84;5281;1)(54;5672;0)(64;6047;1)(113;6672;1)(92;7422;1)(80;8031;1)(52;8781;1)(23;9453;1)(0;10469;1)],52,13,1,0,12,19,71.428571,6,2
7,[(14;1437;1)(11;1843;1)(40;2343;1)(33;2781;1)(64;3500;1)(71;4015;1)(93;4437;1)(110;5203;1)(116;6078;1)(97;6734;1)(79;7203;1)(66;7718;1)(47;8375;1)(39;9421;1)],51,14,0,0,10,19,100.000000,14,2
8,[(5;1500;0)(6;1859;1)(2;2531;1)(23;3234;1)(35;3687;1)(27;4421;1)(27;4625;0)(39;5343;1)(55;6171;1)(67;6843;1)(96;7609;1)(114;8109;-1)(113;8890;1)(90;9453;1)(62;10000;1)(50;10687;1)(119;11843;1)],62,14,2,1,13,19,60.439560,5,1
9,[(19;1468;1)(58;2390;1)(36;2859;1)(89;3718;1)(118;4625;1)(96;5187;1)(115;5890;1)(82;6797;1)(63;7234;1)(65;7734;1)(90;8765;1)(50;9515;1)(32;10218;1)(13;10687;1)],58,14,0,0,16,19,62.500000,19,2
10,[(6;1906;1)(23;2593;1)(0;3359;1)(80;4578;1)(52;5047;1)(29;6718;1)(69;7250;1)(56;7859;-1)(57;8640;1)(64;9343;1)(85;10000;-1)(84;10468;1)(92;11250;1)(113;11968;1)(116;12562;-1)(117;13140;1)(96;13656;0)(96;14328;1)],59,14,1,3,17,19,42.016807,6,4
11,[(11;1625;1)(40;2250;1)(33;2828;1)(13;3203;-1)(14;3531;1)(39;4688;1)(47;5235;1)(66;6297;1)(64;6735;1)(71;7485;1)(110;8219;1)(93;8828;1)(116;9563;1)(97;10188;1)(79;11000;1)],52,14,0,1,12,19,77.380952,11,1
12,[(39;1407;1)(27;1907;1)(0;2313;-1)(6;2625;1)(2;3297;1)(23;4454;1)(35;5016;1)(67;6422;1)(62;7704;1)(55;8407;1)(50;8969;1)(90;9516;1)(113;10500;1)(96;11344;1)(119;12110;1)],54,14,0,1,15,19,61.904762,39,3
13,[(18;1110;0)(29;1547;-1)(29;1875;-1)(19;2313;1)(36;2985;1)(58;3797;1)(89;4391;1)(118;5094;1)(96;5672;1)(115;6125;1)(65;6875;1)(82;7500;1)(90;7907;1)(50;8563;1)(63;9500;1)(32;10032;1)(13;10719;1)],52,14,1,2,12,19,65.476190,18,2
14,[(23;2469;1)(0;2906;1)(6;3719;1)(29;4328;1)(57;5015;1)(69;5640;1)(64;6312;1)(53;6687;1)(92;7515;1)(113;7984;1)(96;9000;1)(84;9469;1)(117;10078;1)(81;10656;0)(80;11015;1)],63,14,1,0,23,18,40.372671,23,2
15,[(14;1094;1)(11;1547;1)(33;2157;1)(40;2532;1)(64;3141;1)(71;3735;1)(110;4329;1)(93;5125;1)(116;6125;1)(97;6750;1)(79;7500;1)(66;8047;1)(47;8657;1)(39;9532;1)],53,14,0,0,13,19,76.923077,14,1
16,[(39;1828;1)(27;2781;1)(55;3484;1)(62;4078;1)(50;4531;1)(90;5328;1)(113;5984;1)(119;7000;1)(96;7656;1)(23;9234;1)(1;9750;0)(2;10203;1)(6;10796;1)(67;13093;1)],59,13,1,0,16,19,53.571429,39,3
32
002
1,[(65;1359;1)(58;3797;1)(36;5609;1)(19;6593;1)(13;7500;1)(32;9015;1)(50;10515;1)(63;11593;1)(82;12453;1)(90;13312;1)(96;15547;1)(115;16406;1)(89;17797;1)(118;22234;1)],56,14,0,0,25,19,40.000000,65,2
2,[(23;1000;1)(0;2344;1)(6;3578;1)(57;5250;1)(64;6031;1)(84;6953;1)(92;8156;1)(80;9375;1)(96;10219;1)(117;11250;1)(113;12234;1)(29;14672;1)],58,12,0,0,17,19,50.420168,23,3
3,[(14;1640;1)(11;2390;1)(40;3156;1)(64;4062;1)(66;4703;1)(97;5844;1)(116;6797;1)(93;7656;1)(110;8594;1)(71;9500;1)(79;10734;1)(39;12156;1)(47;13125;1)(33;14234;1)],57,14,0,0,17,19,58.823529,14,3
4,[(23;1719;1)(6;2687;1)(39;3453;1)(96;4359;1)(119;5219;1)(113;6062;1)(62;6984;1)(90;8328;1)(50;8922;1)(55;10359;1)(67;11359;1)(35;12328;1)(27;13094;1)(2;14484;1)],69,14,0,0,17,19,58.823529,23,2
5,[(32;2140;1)(50;3046;1)(82;4234;1)(63;4765;1)(90;5656;1)(115;7109;1)(118;7859;1)(96;8796;1)(89;9828;1)(65;10687;1)(36;11875;1)(19;13296;1)(13;14390;1)(59;15484;-1)(58;15953;1)],66,14,0,1,19,18,48.872180,32,2
6,[(6;1703;1)(52;2703;1)(64;3312;1)(0;4234;1)(29;5390;1)(57;6203;1)(96;7234;1)(117;8172;1)(69;9219;1)(84;9969;1)(92;10640;1)(113;11547;1)(80;12437;1)(23;13844;1)],81,14,0,0,18,19,55.555556,6,0
7,[(11;2250;1)(14;2906;1)(33;3922;1)(40;4250;1)(63;4953;-1)(64;5719;1)(47;6734;1)(39;7015;1)(66;8015;1)(97;8625;1)(79;9281;1)(116;9953;1)(110;10984;1)(71;11906;1)(93;12547;1)],60,14,0,1,15,18,61.904762,11,2
8,[(2;1781;1)(6;2562;1)(23;3797;1)(27;4500;1)(35;5125;1)(39;5875;1)(50;7078;1)(55;7797;1)(62;8484;1)(67;9125;1)(90;9922;1)(96;10687;1)(113;11328;1)(119;12312;1)],72,14,0,0,13,19,76.923077,2,7
9,[(13;1812;1)(19;2797;1)(32;3843;1)(36;4484;1)(50;5125;1)(58;5734;1)(63;6297;1)(65;7312;1)(82;7734;1)(89;8593;1)(90;9547;1)(115;10937;1)(118;11515;1)(96;12031;0)(96;12547;1)],79,14,1,0,15,19,61.904762,13,6
10,[(0;2203;1)(6;3359;1)(23;6063;1)(29;7156;1)(52;10016;1)(57;10719;1)(64;11391;1)(69;12031;1)(80;12906;1)(84;13922;1)(84;14109;0)(92;14969;1)(96;15766;1)(113;16953;1)(117;17688;1)],72,14,1,0,21,18,44.217687,0,7
11,[(11;1859;1)(14;2547;1)(33;3844;1)(39;4703;1)(40;5562;1)(47;6672;1)(64;7656;1)(66;8672;1)(71;9078;1)(79;10125;1)(93;10750;1)(97;11469;1)(116;12015;1)(110;12781;1)],71,14,0,0,13,19,76.923077,11,7
12,[(2;1593;1)(6;2578;1)(23;3500;1)(27;4421;1)(35;5421;1)(39;5859;1)(50;8156;1)(55;9500;1)(62;10406;1)(67;11234;1)(90;12515;1)(96;13375;1)(113;14796;1)(119;15734;1)],72,14,0,0,20,19,50.000000,2,7
13,[(13;1625;1)(19;3172;1)(32;5031;1)(36;6031;1)(50;7062;1)(58;7937;1)(65;8516;1)(63;9031;1)(82;9797;1)(96;10531;1)(89;11203;1)(90;11984;1)(115;12781;1)(118;13562;1)],73,14,0,0,15,19,66.666667,13,5
14,[(0;1609;1)(6;2453;1)(29;4391;1)(23;5984;1)(52;7406;1)(57;8094;1)(64;8781;1)(69;9797;1)(80;10672;1)(84;11391;1)(96;12344;1)(92;13266;1)(117;14734;1)(113;15391;1)],68,14,0,0,16,19,62.500000,0,7
15,[(11;1906;1)(14;3047;1)(33;3672;1)(39;4578;1)(40;5734;1)(47;6718;1)(66;7468;1)(64;8125;1)(71;8687;1)(79;10718;1)(97;11312;1)(93;11984;1)(116;12875;1)(110;13562;1)],65,14,0,0,14,19,71.428571,11,7
16,[(6;1859;1)(2;3000;1)(23;4047;1)(27;4656;1)(39;5625;1)(35;6391;1)(56;7969;0)(56;9672;0)(56;10328;0)(56;11187;0)(56;11391;0)(56;11562;0)(96;15047;1)(113;17000;1)(119;17781;1)(90;20484;1)(67;22078;1)(62;22844;1)(55;24250;1)],66,13,6,0,25,19,20.000000,6,5
72
002
1,[(58;1422;1)(89;1922;1)(118;2859;1)(115;3515;1)(96;4172;1)(82;4875;1)(90;5390;1)(63;5906;1)(32;7000;1)(50;7453;1)(13;8140;1)(35;8734;0)(36;9078;1)(19;9640;1)(65;11172;1)],62,14,1,0,12,19,77.380952,58,1
2,[(23;2156;1)(0;2766;1)(52;3422;1)(64;3891;1)(84;4469;1)(80;5094;1)(92;5672;1)(113;6313;1)(117;6797;1)(96;7281;1)(69;8016;1)(57;8438;1)(29;9297;1)(6;10047;1)],53,14,0,0,11,18,90.909091,23,2
3,[(47;1500;1)(39;2078;1)(79;2781;1)(97;3422;1)(116;3922;1)(93;4547;1)(110;5063;1)(71;5703;1)(64;6281;1)(66;6860;1)(43;7485;1)(11;8094;1)(40;8594;1)(14;9313;1)],56,14,0,0,11,19,90.909091,47,2
4,[(23;1688;1)(50;2328;1)(62;2844;1)(35;3516;1)(55;3938;1)(67;4328;1)(96;4891;1)(119;5422;1)(113;6047;1)(90;6578;1)(2;7797;1)(27;8344;1)(39;8813;1)],61,13,0,0,9,19,103.174603,23,2
5,[(19;1610;1)(13;2250;1)(32;2828;1)(50;3344;1)(82;3922;1)(90;4500;1)(62;5094;0)(63;6094;1)(115;6797;1)(96;7438;1)(118;7953;1)(89;8781;1)(57;9453;-1)(58;9985;1)(36;10516;1)],53,13,1,1,12,19,65.476190,19,1
6,[(23;1532;1)(0;2219;1)(6;2907;1)(29;3500;1)(57;4016;1)(69;4438;1)(64;5016;1)(52;5547;1)(84;6110;1)(92;6625;1)(80;7125;1)(113;7672;1)(96;8641;1)(117;9219;1)],57,14,0,0,10,19,100.000000,23,2
7,[(11;1282;1)(40;1766;1)(14;2328;1)(39;3969;1)(66;7078;1)(65;7532;1)(33;8078;1)(71;9032;1)(93;9469;1)(110;10094;1)(116;10782;1)(97;11328;1)(47;12485;1)],59,13,0,0,13,19,71.428571,11,3
8,[(35;1469;1)(24;1922;-1)(23;2313;1)(2;2875;1)(6;3531;1)(27;3969;1)(39;4438;1)(67;5000;1)(55;5453;1)(62;5922;1)(62;6031;0)(50;6531;1)(90;7047;1)(113;7516;1)(96;8094;1)(119;8625;1)],50,14,1,1,9,19,95.238095,35,2
9,[(19;1907;1)(13;2657;1)(32;3344;1)(36;3813;1)(58;4313;1)(65;4875;1)(63;5360;1)(82;5750;1)(90;6141;1)(115;6969;1)(96;7407;1)(118;7860;1)(89;8391;1)],47,13,0,0,10,19,92.857143,19,3
10,[(23;1266;1)(52;2594;1)(64;3000;1)(84;3391;1)(92;3906;1)(80;4344;1)(113;4891;1)(117;5594;1)(96;6219;1)(69;7125;1)(57;7578;1)(29;8250;1)(6;8797;1)(0;10625;1)],53,14,0,0,12,19,83.333333,23,3
11,[(14;1531;1)(11;2000;1)(40;2484;1)(33;2891;1)(64;3297;1)(71;3781;1)(110;4641;1)(93;5188;1)(116;5813;1)(97;6359;1)(65;6766;-1)(66;7125;1)(79;7719;1)(39;8500;1)(47;9250;1)],52,14,0,1,10,19,92.857143,14,2
12,[(35;1297;1)(23;1672;1)(2;2187;1)(6;2703;1)(27;3187;1)(39;3703;1)(67;4187;1)(55;4656;1)(62;5218;0)(62;5734;1)(50;7093;1)(90;7656;1)(113;8218;1)(95;8781;-1)(96;9359;1)(119;10265;1)],50,14,1,1,11,19,77.922078,35,2
13,[(32;1031;1)(50;1563;1)(90;2110;1)(82;2500;1)(64;2938;-1)(63;3266;1)(65;3672;1)(115;4406;1)(96;4860;1)(118;5328;1)(89;5860;1)(68;6438;-1)(58;6750;1)(36;7188;1)(13;7688;1)(19;8438;1)],51,14,0,2,9,19,95.238095,32,3
14,[(57;1594;1)(69;2500;1)(96;3063;1)(84;3532;1)(92;4063;1)(64;4469;1)(52;4860;1)(80;5235;1)(113;5891;1)(118;6594;-1)(23;7875;1)(0;8625;1)(29;10125;1)(117;11453;1)],70,13,0,1,12,19,71.428571,57,1
15,[(11;1297;1)(40;1735;1)(33;2141;1)(64;2625;1)(14;3110;1)(47;3797;1)(39;4282;1)(66;4844;1)(79;5375;1)(97;5938;1)(116;6282;1)(93;6969;1)(71;7438;1)(110;8063;1)],57,14,0,0,9,19,111.111111,11,1
16,[(23;2328;1)(35;2782;1)(55;5516;1)(113;7907;1)(119;8735;1)(39;9657;1)(96;10219;1)(27;11094;1)(2;11985;1)(6;12485;1)(50;13172;1)(62;13907;1)],69,12,0,0,15,18,57.142857,23,3
33

sujeto 14 axel
1,[(19;3000;1)(36;4062;1)(58;4922;1)(89;5922;1)(118;7422;1)(115;8218;1)(96;9234;1)(82;10000;1)(90;10781;1)(50;11625;1)(32;12484;1)(13;13359;1)(65;16906;1)(63;17703;1)],51,14,0,0,20,17,50.000000,19,3
2,[(6;2953;1)(0;3953;1)(23;4828;1)(52;5563;1)(29;6672;1)(57;7516;1)(69;8500;1)(64;9422;1)(84;10047;1)(80;11219;1)(92;11906;1)(96;12719;1)(113;13750;1)(117;15172;1)],60,14,0,0,15,18,66.666667,6,5
3,[(14;1937;1)(11;2828;1)(40;3718;1)(33;4437;1)(64;5109;1)(71;5750;1)(93;6421;1)(110;7703;1)(116;8609;1)(97;9312;1)(79;10250;1)(66;11203;1)(47;12078;1)(39;13015;1)],51,14,0,0,15,19,66.666667,14,2
4,[(23;2297;1)(6;3469;1)(2;4390;1)(50;5922;1)(62;7203;1)(90;8015;1)(113;8969;1)(96;9828;1)(119;10812;1)(67;11656;1)(55;12437;1)(35;13109;1)(27;13812;1)(39;14547;1)],57,14,0,0,17,18,58.823529,23,2
5,[(19;2688;1)(13;3641;1)(32;4438;1)(36;5219;1)(58;6344;1)(65;7266;1)(63;8031;1)(50;8859;1)(82;10047;1)(90;10672;1)(115;11906;1)(96;12672;1)(89;13547;1)(118;14469;1)],53,14,0,0,15,18,66.666667,19,3
6,[(0;2312;1)(23;3312;1)(6;4093;1)(29;5031;1)(57;5656;1)(64;6468;1)(52;7109;1)(80;7828;1)(92;8625;1)(84;9453;1)(113;10187;1)(96;10843;1)(117;11531;1)(69;12828;1)],57,14,0,0,13,18,76.923077,0,0
7,[(11;2015;1)(14;2953;1)(33;4015;1)(40;4578;1)(71;5781;1)(47;6828;1)(39;7656;1)(79;8515;1)(66;9140;1)(64;9921;1)(97;10750;1)(116;11421;1)(110;12578;1)],51,13,0,0,14,18,66.326531,11,4
8,[(2;1360;1)(6;2750;1)(27;3610;1)(39;4328;1)(35;4969;1)(23;5578;1)(50;6250;1)(62;6828;1)(55;7813;1)(67;8578;1)(96;9297;1)(90;10360;1)(113;11328;1)(119;12344;1)],54,14,0,0,13,19,76.923077,2,4
9,[(13;3234;1)(19;3984;1)(26;5031;0)(36;6281;1)(32;6906;1)(50;7875;1)(63;8531;1)(65;9250;1)(82;10000;1)(90;10703;1)(58;11640;1)(89;12546;1)(96;13281;1)(118;13968;1)(115;14718;1)],60,14,1,0,16,17,58.035714,13,4
10,[(0;1797;1)(23;2515;1)(6;3234;1)(52;4531;1)(64;5234;1)(84;6078;1)(29;7781;1)(69;8500;1)(96;9437;1)(117;10078;1)(113;10828;1)(92;11437;1)(80;12437;1)(57;14797;1)],68,14,0,0,16,19,62.500000,0,3
11,[(11;2906;1)(14;3703;1)(33;4734;1)(40;5375;1)(39;6578;1)(47;7250;1)(66;7859;1)(64;8562;1)(71;9656;1)(79;10593;1)(93;11578;1)(97;12281;1)(116;13093;1)(110;14078;1)],61,14,0,0,15,18,66.666667,11,5
12,[(2;2218;1)(6;3234;1)(23;3937;1)(27;4968;1)(39;6000;1)(35;6937;1)(55;7922;1)(50;8734;1)(62;9390;1)(67;10328;1)(96;11234;1)(90;12218;1)(113;13062;1)(119;13953;1)],56,14,0,0,14,18,71.428571,2,7
13,[(13;1563;1)(19;2406;1)(36;3188;1)(32;3969;1)(50;4641;1)(63;5422;1)(65;6000;1)(58;6610;1)(89;7344;1)(82;8063;1)(90;8719;1)(96;9641;1)(115;10469;1)(118;11110;1)],55,14,0,0,12,19,83.333333,13,6
14,[(0;1765;1)(6;3000;1)(23;4109;1)(29;5594;1)(57;6703;1)(64;7672;1)(52;8234;1)(69;9078;1)(84;10250;1)(80;11000;1)(92;12047;1)(96;12719;1)(117;13250;1)(113;14109;1)],62,14,0,0,16,19,62.500000,0,5
15,[(6;2016;0)(11;4781;1)(14;5641;1)(33;6344;1)(39;7281;1)(47;7860;1)(40;8797;1)(64;9922;1)(66;10516;1)(79;11250;1)(97;12125;1)(93;13063;1)(71;13719;1)(116;14625;1)(110;16266;1)],61,14,1,0,18,18,51.587302,6,6
16,[(2;2234;1)(6;3515;1)(23;4312;1)(27;5062;1)(35;6281;1)(39;7078;1)(55;8218;1)(62;9218;1)(50;9875;1)(96;11437;1)(119;12750;1)(113;13796;1)(90;15093;1)(67;16500;1)],69,14,0,0,18,18,55.555556,2,4
63
002
1,[(19;1687;1)(13;2281;1)(58;4078;1)(89;4734;1)(118;5281;1)(96;5984;1)(65;6484;1)(63;7078;1)(50;7812;1)(32;8390;1)(36;9125;1)(90;10859;1)(82;11250;1)(115;12547;1)],66,14,0,0,18,19,55.555556,19,3
2,[(0;1797;1)(6;2578;1)(48;6250;0)(57;7687;1)(51;8531;-1)(52;8937;1)(64;9390;1)(23;11047;1)(29;12312;1)(84;15468;1)(80;16312;1)(92;16922;1)(96;17625;1)(117;18312;1)(113;19000;1)(69;20031;1)],71,14,1,1,21,19,40.816327,0,6
3,[(14;1375;1)(11;1953;1)(33;2500;1)(39;3344;1)(47;3891;1)(66;4391;1)(64;4922;1)(71;5656;1)(93;6235;1)(97;6781;1)(79;7453;1)(116;9031;1)(110;9719;1)(40;10860;1)],57,14,0,0,12,19,83.333333,14,5
4,[(2;1250;1)(6;1796;1)(23;3156;1)(27;3718;1)(35;4312;1)(39;5015;1)(55;5703;1)(50;6343;1)(63;7046;-1)(62;7906;1)(67;8562;1)(90;10015;1)(96;11046;1)(113;11609;1)(119;12234;1)],66,14,0,1,13,19,71.428571,2,7
5,[(13;1719;1)(19;2312;1)(36;2969;1)(32;3672;1)(50;4297;1)(63;4953;1)(65;5312;1)(82;6047;1)(89;6953;1)(96;7625;1)(118;8265;1)(115;8922;1)(58;9906;1)(90;12609;1)],69,14,0,0,13,19,76.923077,13,5
6,[(6;1156;1)(0;1594;1)(23;2266;1)(29;3109;1)(52;4172;1)(64;4625;1)(56;5047;-1)(57;5328;1)(69;5859;1)(80;6453;1)(84;6844;1)(91;7219;-1)(92;7562;1)(95;8078;-1)(96;8344;1)(113;8812;1)(117;9281;1)],68,14,0,3,10,19,78.571429,6,5
7,[(11;1422;1)(14;1828;1)(41;2703;-1)(40;2953;1)(33;3391;1)(47;3875;1)(66;4516;1)(64;4813;1)(71;5422;1)(93;6219;1)(79;7031;1)(39;8563;1)(115;9703;-1)(116;10094;1)(110;10781;1)],61,13,0,2,11,19,71.428571,11,4
8,[(2;1344;1)(6;1984;1)(23;2625;1)(27;3063;1)(39;3438;1)(35;4141;1)(50;4641;1)(55;5141;1)(62;5563;1)(90;6375;1)(96;6859;1)(67;7313;1)(113;8234;1)(119;9047;1)],66,14,0,0,9,19,111.111111,2,6
9,[(13;1734;1)(19;2453;1)(32;3266;1)(36;4000;1)(63;5125;1)(65;5719;1)(82;6281;1)(58;6781;1)(89;7328;1)(96;7984;1)(118;8438;1)(90;9531;1)(50;10313;1)],67,13,0,0,11,19,84.415584,13,4
10,[(7;984;0)(0;1703;1)(6;2203;1)(29;3828;1)(57;5156;1)(69;5734;1)(24;6438;1)(52;7188;1)(64;7766;1)(84;9766;1)(80;10484;1)(105;11344;0)(92;12672;1)(96;13172;1)(117;14656;1)(113;15266;1)],56,14,2,0,15,20,57.142857,7,4
11,[(11;1297;1)(14;1781;1)(39;2750;1)(33;3438;1)(47;3969;1)(40;4484;1)(64;4984;1)(66;5359;1)(79;5781;1)(97;6203;1)(116;6672;1)(93;7109;1)(71;7547;1)(110;8656;1)],61,14,0,0,9,19,111.111111,11,4
12,[(6;890;1)(2;1453;1)(23;1921;1)(27;2406;1)(35;2953;1)(39;3531;1)(55;4062;1)(67;4453;1)(62;5187;1)(50;5546;1)(96;6218;1)(90;6687;1)(119;7218;1)(113;7765;1)],68,14,0,0,8,20,125.000000,6,6
13,[(13;1375;1)(19;1938;1)(36;2359;1)(32;2953;1)(50;3516;1)(49;3969;0)(58;4234;1)(65;4641;1)(63;4938;1)(82;5500;1)(90;5828;1)(96;6531;1)(115;6953;1)(118;7609;1)(89;7938;1)],55,14,1,0,8,19,116.071429,13,6
14,[(0;1047;1)(6;1500;1)(29;1969;1)(23;2578;1)(64;3297;1)(52;3625;1)(57;4109;1)(69;4797;1)(84;5359;1)(80;5781;1)(103;6484;-1)(92;6844;1)(97;7250;-1)(117;7812;1)(106;8562;0)(96;8828;1)(113;12000;1)],62,14,1,2,14,19,56.122449,0,4
15,[(14;1187;1)(11;1531;1)(33;2484;1)(39;2953;1)(47;3344;1)(40;3797;1)(64;4250;1)(67;4672;0)(66;5344;1)(79;5969;1)(71;7328;1)(93;7750;1)(97;8156;1)(116;9125;1)(110;9687;1)],60,14,1,0,10,19,92.857143,14,7
16,[(6;938;1)(2;1344;1)(23;1953;1)(27;2359;1)(39;3000;1)(50;6156;1)(62;6578;1)(96;7563;1)(113;8703;1)(119;9422;1)(90;10094;1)(55;10984;1)],66,12,0,0,14,20,61.224490,6,3
79
